osu file format v14

[General]
AudioFilename: audio.mp3
AudioLeadIn: 0
PreviewTime: 107974
Countdown: 0
SampleSet: Soft
StackLeniency: 0.7
Mode: 3
LetterboxInBreaks: 0
SpecialStyle: 0
WidescreenStoryboard: 1

[Editor]
DistanceSpacing: 0.8
BeatDivisor: 4
GridSize: 8
TimelineZoom: 1

[Metadata]
Title:Freedom Dive
TitleUnicode:Freedom Dive
Artist:xi
ArtistUnicode:xi
Creator:-Enma-
Version:Advanced
Source:MAXBEAT
Tags:menphiss -ryu- ryu7w7 fd video game instrumental electronic happy hardcore speedcore piano long version extended bms wacca voez muse dash sound voltex iv heavenly haven 太鼓の達人 taiko no tatsujin chunithm plus cytus parousia album mappers' guild mg mpg featured artist fa セッションでドドンがドン！ くらんて
BeatmapID:5172025
BeatmapSetID:2389723

[Difficulty]
HPDrainRate:7
CircleSize:6
OverallDifficulty:7
ApproachRate:5
SliderMultiplier:1.4
SliderTickRate:1

[Events]
//Background and Video events
0,0,"freedombgV2.jpg",0,0
//Break Periods
//Storyboard Layer 0 (Background)
//Storyboard Layer 1 (Fail)
//Storyboard Layer 2 (Pass)
//Storyboard Layer 3 (Foreground)
//Storyboard Layer 4 (Overlay)
//Storyboard Sound Samples

[TimingPoints]
2133,270.002700027,4,2,1,60,1,0
64773,-100,4,2,1,60,0,1
82053,-100,4,2,1,60,0,0
107974,-100,4,2,1,60,0,1
142534,-100,4,2,1,60,0,0
218135,-100,4,2,1,60,0,1
252695,-100,4,2,1,60,0,0


[HitObjects]
42,192,2133,5,2,0:0:0:0:
469,192,2133,1,4,0:0:0:0:
384,192,2403,1,0,0:0:0:0:
298,192,2673,1,0,0:0:0:0:
42,192,2943,1,2,0:0:0:0:
128,192,3213,1,2,0:0:0:0:
213,192,3483,1,0,0:0:0:0:
469,192,3753,1,2,0:0:0:0:
42,192,4023,1,2,0:0:0:0:
128,192,4293,1,2,0:0:0:0:
384,192,4293,1,4,0:0:0:0:
298,192,4563,1,0,0:0:0:0:
213,192,4833,1,0,0:0:0:0:
469,192,5103,1,2,0:0:0:0:
42,192,5373,1,2,0:0:0:0:
384,192,5643,1,0,0:0:0:0:
128,192,5913,128,2,6183:0:0:0:0:
298,192,6183,1,2,0:0:0:0:
42,192,6453,1,2,0:0:0:0:
469,192,6453,1,4,0:0:0:0:
213,192,6723,1,0,0:0:0:0:
384,192,6993,1,0,0:0:0:0:
469,192,7263,1,2,0:0:0:0:
213,192,7533,1,2,0:0:0:0:
128,192,7803,1,0,0:0:0:0:
42,192,8073,1,2,0:0:0:0:
298,192,8343,1,2,0:0:0:0:
384,192,8613,1,2,0:0:0:0:
469,192,8613,1,4,0:0:0:0:
213,192,8883,1,0,0:0:0:0:
42,192,9153,1,4,0:0:0:0:
128,192,9153,1,0,0:0:0:0:
298,192,9423,1,2,0:0:0:0:
42,192,9693,1,8,0:0:0:0:
469,192,9693,1,4,0:0:0:0:
128,192,9963,1,8,0:0:0:0:
384,192,9963,1,4,0:0:0:0:
213,192,10233,1,4,0:0:0:0:
298,192,10233,1,0,0:0:0:0:
42,192,10503,1,8,0:0:0:0:
469,192,10503,1,4,0:0:0:0:
128,192,10773,1,2,0:0:0:0:
384,192,10773,1,4,0:0:0:0:
213,192,11043,1,8,0:0:0:0:
42,192,11313,1,2,0:0:0:0:
298,192,11313,1,0,0:0:0:0:
469,192,11583,1,8,0:0:0:0:
213,192,11853,1,2,0:0:0:0:
384,192,11853,1,0,0:0:0:0:
42,192,12123,1,8,0:0:0:0:
128,192,12393,1,2,0:0:0:0:
298,192,12393,1,0,0:0:0:0:
469,192,12663,1,8,0:0:0:0:
213,192,12933,1,2,0:0:0:0:
384,192,12933,1,4,0:0:0:0:
42,192,13203,1,8,0:0:0:0:
128,192,13473,1,2,0:0:0:0:
298,192,13473,1,0,0:0:0:0:
469,192,13743,1,8,0:0:0:0:
213,192,14013,1,2,0:0:0:0:
298,192,14013,1,0,0:0:0:0:
42,192,14283,1,8,0:0:0:0:
469,192,14283,1,4,0:0:0:0:
42,192,14553,1,4,0:0:0:0:
469,192,14553,1,8,0:0:0:0:
128,192,14755,1,12,0:0:0:0:
298,192,14958,1,12,0:0:0:0:
42,192,15093,1,4,0:0:0:0:
469,192,15093,1,8,0:0:0:0:
128,192,15363,1,8,0:0:0:0:
213,192,15633,1,2,0:0:0:0:
298,192,15633,1,0,0:0:0:0:
469,192,15903,1,12,0:0:0:0:
384,192,16038,1,12,0:0:0:0:
42,192,16308,1,6,0:0:0:0:
128,192,16443,1,12,0:0:0:0:
213,192,16578,1,6,0:0:0:0:
469,192,16713,1,6,0:0:0:0:
384,192,16848,1,6,0:0:0:0:
298,192,16983,1,12,0:0:0:0:
213,192,17118,1,6,0:0:0:0:
42,192,17253,1,2,0:0:0:0:
469,192,17253,1,4,0:0:0:0:
128,192,17523,1,8,0:0:0:0:
298,192,17793,1,2,0:0:0:0:
469,192,17793,1,4,0:0:0:0:
128,192,18063,1,8,0:0:0:0:
213,192,18333,1,4,0:0:0:0:
298,192,18333,1,8,0:0:0:0:
42,192,18603,1,8,0:0:0:0:
469,192,18603,1,4,0:0:0:0:
128,192,18873,1,8,0:0:0:0:
384,192,18873,1,4,0:0:0:0:
213,192,19143,1,8,0:0:0:0:
298,192,19143,1,4,0:0:0:0:
42,192,19413,1,4,0:0:0:0:
469,192,19413,1,2,0:0:0:0:
384,192,19683,1,8,0:0:0:0:
42,192,19953,1,2,0:0:0:0:
128,192,19953,1,0,0:0:0:0:
298,192,20223,1,8,0:0:0:0:
213,192,20493,1,2,0:0:0:0:
469,192,20493,1,0,0:0:0:0:
42,192,20763,1,8,0:0:0:0:
384,192,21033,1,2,0:0:0:0:
469,192,21033,1,0,0:0:0:0:
128,192,21303,1,8,0:0:0:0:
213,192,21573,1,2,0:0:0:0:
298,192,21573,1,4,0:0:0:0:
384,192,21843,1,8,0:0:0:0:
42,192,22113,1,2,0:0:0:0:
469,192,22113,1,0,0:0:0:0:
213,192,22383,1,8,0:0:0:0:
128,192,22653,1,2,0:0:0:0:
298,192,22653,1,0,0:0:0:0:
42,192,22923,1,8,0:0:0:0:
469,192,22923,1,4,0:0:0:0:
42,192,23193,1,8,0:0:0:0:
469,192,23193,1,4,0:0:0:0:
384,192,23395,1,12,0:0:0:0:
213,192,23598,1,12,0:0:0:0:
42,192,23733,1,8,0:0:0:0:
469,192,23733,1,4,0:0:0:0:
298,192,24003,1,8,0:0:0:0:
128,192,24273,1,2,0:0:0:0:
213,192,24273,1,0,0:0:0:0:
384,192,24543,1,12,0:0:0:0:
469,192,24678,1,6,0:0:0:0:
128,192,24948,1,6,0:0:0:0:
42,192,25083,1,12,0:0:0:0:
213,192,25218,1,6,0:0:0:0:
469,192,25353,1,6,0:0:0:0:
384,192,25488,1,6,0:0:0:0:
298,192,25623,1,12,0:0:0:0:
213,192,25758,1,2,0:0:0:0:
42,192,25893,1,2,0:0:0:0:
128,192,25893,1,4,0:0:0:0:
384,192,26163,1,10,0:0:0:0:
469,192,26163,1,4,0:0:0:0:
213,192,26433,1,2,0:0:0:0:
298,192,26433,1,4,0:0:0:0:
42,192,26703,1,10,0:0:0:0:
469,192,26703,1,4,0:0:0:0:
128,192,26973,1,2,0:0:0:0:
384,192,26973,1,4,0:0:0:0:
213,192,27243,1,10,0:0:0:0:
298,192,27243,1,4,0:0:0:0:
42,192,27513,1,2,0:0:0:0:
469,192,27513,1,4,0:0:0:0:
128,192,27783,1,6,0:0:0:0:
384,192,27783,1,8,0:0:0:0:
213,192,28053,1,2,0:0:0:0:
298,192,28053,1,4,0:0:0:0:
469,192,28053,128,0,28593:0:0:0:0:
42,192,28593,128,0,29133:0:0:0:0:
128,192,29133,128,0,29673:0:0:0:0:
469,192,29673,128,0,30213:0:0:0:0:
213,192,30213,128,0,30753:0:0:0:0:
384,192,30753,128,0,31293:0:0:0:0:
298,192,31293,128,0,31833:0:0:0:0:
42,192,31833,1,0,0:0:0:0:
128,192,31968,1,0,0:0:0:0:
213,192,32103,1,0,0:0:0:0:
329,192,32238,1,0,0:0:0:0:
384,192,32373,128,0,32913:0:0:0:0:
469,192,32913,128,0,33183:0:0:0:0:
213,192,33183,128,0,33453:0:0:0:0:
42,192,33453,128,0,33723:0:0:0:0:
384,192,33723,128,0,33993:0:0:0:0:
128,192,33993,128,0,34263:0:0:0:0:
298,192,34263,128,0,34533:0:0:0:0:
213,192,34533,128,0,34803:0:0:0:0:
469,192,34803,128,0,35073:0:0:0:0:
42,192,35073,128,0,35343:0:0:0:0:
384,192,35343,128,0,35613:0:0:0:0:
128,192,35613,128,0,36153:0:0:0:0:
256,192,36153,1,0,0:0:0:0:
384,192,36423,1,0,0:0:0:0:
42,192,36693,1,2,0:0:0:0:
469,192,36693,1,4,0:0:0:0:
213,192,36963,1,0,0:0:0:0:
128,192,37233,1,0,0:0:0:0:
384,192,37503,1,0,0:0:0:0:
42,192,37773,1,0,0:0:0:0:
128,192,37908,1,0,0:0:0:0:
213,192,38043,1,0,0:0:0:0:
298,192,38313,1,0,0:0:0:0:
469,192,38583,1,0,0:0:0:0:
42,192,38853,1,2,0:0:0:0:
128,192,38853,1,4,0:0:0:0:
384,192,39123,1,0,0:0:0:0:
182,192,39393,1,0,0:0:0:0:
298,192,39663,1,0,0:0:0:0:
469,192,39933,1,0,0:0:0:0:
42,192,40203,1,0,0:0:0:0:
213,192,40473,1,0,0:0:0:0:
384,192,40743,1,0,0:0:0:0:
42,192,41013,1,2,0:0:0:0:
469,192,41013,1,4,0:0:0:0:
329,192,41553,1,0,0:0:0:0:
128,192,41823,1,0,0:0:0:0:
384,192,42093,1,2,0:0:0:0:
469,192,42093,1,4,0:0:0:0:
213,192,42363,1,0,0:0:0:0:
42,192,42633,1,2,0:0:0:0:
128,192,42633,1,4,0:0:0:0:
298,192,42903,1,0,0:0:0:0:
42,192,43173,1,2,0:0:0:0:
469,192,43173,1,4,0:0:0:0:
384,192,43443,1,0,0:0:0:0:
213,192,43713,1,2,0:0:0:0:
298,192,43713,1,0,0:0:0:0:
128,192,43983,1,2,0:0:0:0:
42,192,44253,1,8,0:0:0:0:
469,192,44253,1,0,0:0:0:0:
384,192,44523,1,10,0:0:0:0:
213,192,44793,1,10,0:0:0:0:
298,192,45063,1,10,0:0:0:0:
42,192,45333,1,2,0:0:0:0:
128,192,45333,1,0,0:0:0:0:
469,192,45333,1,0,0:0:0:0:
213,192,45603,1,2,0:0:0:0:
298,192,45603,1,0,0:0:0:0:
128,192,45873,1,2,0:0:0:0:
384,192,45873,1,0,0:0:0:0:
42,192,46143,1,2,0:0:0:0:
469,192,46143,1,0,0:0:0:0:
213,192,46413,1,2,0:0:0:0:
298,192,46413,1,0,0:0:0:0:
128,192,46683,1,2,0:0:0:0:
384,192,46683,1,0,0:0:0:0:
42,192,46953,1,2,0:0:0:0:
469,192,46953,1,0,0:0:0:0:
128,192,47223,1,2,0:0:0:0:
384,192,47223,1,0,0:0:0:0:
213,192,47493,1,2,0:0:0:0:
298,192,47493,1,0,0:0:0:0:
42,192,47763,1,8,0:0:0:0:
384,192,48033,1,2,0:0:0:0:
469,192,48033,1,0,0:0:0:0:
298,192,48303,1,8,0:0:0:0:
42,192,48573,1,2,0:0:0:0:
128,192,48573,1,0,0:0:0:0:
213,192,48843,1,8,0:0:0:0:
42,192,49113,1,2,0:0:0:0:
469,192,49113,1,0,0:0:0:0:
384,192,49383,1,8,0:0:0:0:
213,192,49653,1,2,0:0:0:0:
256,192,49653,1,0,0:0:0:0:
469,192,49923,1,8,0:0:0:0:
42,192,50193,1,2,0:0:0:0:
128,192,50193,1,0,0:0:0:0:
298,192,50463,1,8,0:0:0:0:
213,192,50733,1,2,0:0:0:0:
384,192,50733,1,0,0:0:0:0:
128,192,51003,1,8,0:0:0:0:
42,192,51273,1,2,0:0:0:0:
469,192,51273,1,0,0:0:0:0:
298,192,51543,1,8,0:0:0:0:
128,192,51813,1,2,0:0:0:0:
384,192,51813,1,0,0:0:0:0:
469,192,52083,1,8,0:0:0:0:
213,192,52353,1,2,0:0:0:0:
298,192,52353,1,0,0:0:0:0:
42,192,52623,1,8,0:0:0:0:
109,192,52893,1,2,0:0:0:0:
384,192,52893,1,0,0:0:0:0:
469,192,53163,1,8,0:0:0:0:
213,192,53433,1,2,0:0:0:0:
298,192,53433,1,0,0:0:0:0:
128,192,53703,1,8,0:0:0:0:
42,192,53973,1,2,0:0:0:0:
469,192,53973,1,0,0:0:0:0:
384,192,54243,1,8,0:0:0:0:
298,192,54513,1,2,0:0:0:0:
469,192,54513,1,0,0:0:0:0:
128,192,54783,1,8,0:0:0:0:
36,192,55053,1,2,0:0:0:0:
213,192,55053,1,0,0:0:0:0:
384,192,55323,1,8,0:0:0:0:
469,192,55323,1,4,0:0:0:0:
213,192,55593,1,2,0:0:0:0:
298,192,55593,1,4,0:0:0:0:
42,192,55863,1,8,0:0:0:0:
469,192,55863,1,4,0:0:0:0:
128,192,56133,1,2,0:0:0:0:
384,192,56133,1,4,0:0:0:0:
298,192,56403,1,8,0:0:0:0:
42,192,56673,1,2,0:0:0:0:
469,192,56673,1,0,0:0:0:0:
128,192,56943,1,8,0:0:0:0:
213,192,57213,1,2,0:0:0:0:
298,192,57213,1,0,0:0:0:0:
469,192,57483,1,8,0:0:0:0:
42,192,57753,1,2,0:0:0:0:
128,192,57753,1,0,0:0:0:0:
213,192,58023,1,8,0:0:0:0:
298,192,58293,1,2,0:0:0:0:
402,192,58293,1,0,0:0:0:0:
469,192,58563,1,8,0:0:0:0:
128,192,58833,1,2,0:0:0:0:
298,192,58833,1,0,0:0:0:0:
42,192,59103,1,8,0:0:0:0:
213,192,59373,1,2,0:0:0:0:
384,192,59373,1,0,0:0:0:0:
469,192,59643,1,8,0:0:0:0:
42,192,59913,1,2,0:0:0:0:
128,192,59913,1,0,0:0:0:0:
213,192,60183,1,8,0:0:0:0:
384,192,60453,1,2,0:0:0:0:
469,192,60453,1,0,0:0:0:0:
298,192,60723,1,8,0:0:0:0:
128,192,60993,1,2,0:0:0:0:
213,192,60993,1,0,0:0:0:0:
42,192,61263,1,8,0:0:0:0:
329,192,61533,1,2,0:0:0:0:
384,192,61533,1,0,0:0:0:0:
213,192,61803,1,8,0:0:0:0:
42,192,62073,1,2,0:0:0:0:
469,192,62073,1,0,0:0:0:0:
128,192,62343,1,8,0:0:0:0:
384,192,62613,1,2,0:0:0:0:
469,192,62613,1,0,0:0:0:0:
298,192,62748,1,2,0:0:0:0:
213,192,62883,1,10,0:0:0:0:
128,192,63018,1,2,0:0:0:0:
42,192,63153,1,2,0:0:0:0:
298,192,63288,1,2,0:0:0:0:
384,192,63423,1,10,0:0:0:0:
469,192,63558,1,2,0:0:0:0:
42,192,63693,1,2,0:0:0:0:
128,192,63828,1,2,0:0:0:0:
213,192,63963,1,6,0:0:0:0:
298,192,64098,1,2,0:0:0:0:
384,192,64233,1,6,0:0:0:0:
469,192,64368,1,2,0:0:0:0:
213,192,64503,1,6,0:0:0:0:
128,192,64638,1,2,0:0:0:0:
42,192,64773,1,2,0:0:0:0:
298,192,64773,1,4,0:0:0:0:
469,192,64773,1,0,0:0:0:0:
213,192,64976,1,0,0:0:0:0:
384,192,65178,1,0,0:0:0:0:
42,192,65381,1,0,0:0:0:0:
213,192,65583,1,8,0:0:0:0:
384,192,65718,1,0,0:0:0:0:
42,192,65853,1,2,0:0:0:0:
128,192,65853,1,0,0:0:0:0:
298,192,66056,1,0,0:0:0:0:
469,192,66258,1,0,0:0:0:0:
128,192,66461,1,0,0:0:0:0:
298,192,66663,1,8,0:0:0:0:
469,192,66798,1,2,0:0:0:0:
42,192,66933,1,2,0:0:0:0:
384,192,66933,1,0,0:0:0:0:
128,192,67136,1,0,0:0:0:0:
213,192,67338,1,0,0:0:0:0:
384,192,67541,1,0,0:0:0:0:
298,192,67743,1,8,0:0:0:0:
213,192,67878,1,0,0:0:0:0:
42,192,68013,1,2,0:0:0:0:
469,192,68013,1,0,0:0:0:0:
298,192,68216,1,2,0:0:0:0:
128,192,68418,1,2,0:0:0:0:
42,192,68553,1,2,0:0:0:0:
213,192,68688,1,2,0:0:0:0:
469,192,68823,1,10,0:0:0:0:
384,192,68958,1,2,0:0:0:0:
128,192,69093,1,2,0:0:0:0:
298,192,69093,1,0,0:0:0:0:
42,192,69296,1,0,0:0:0:0:
213,192,69498,1,0,0:0:0:0:
298,192,69633,1,2,0:0:0:0:
384,192,69768,1,0,0:0:0:0:
469,192,69903,1,8,0:0:0:0:
213,192,70038,1,2,0:0:0:0:
42,192,70173,1,0,0:0:0:0:
256,192,70173,1,0,0:0:0:0:
128,192,70308,1,2,0:0:0:0:
469,192,70443,1,8,0:0:0:0:
384,192,70578,1,0,0:0:0:0:
213,192,70713,1,2,0:0:0:0:
298,192,70848,1,2,0:0:0:0:
128,192,70983,1,8,0:0:0:0:
42,192,71118,1,0,0:0:0:0:
384,192,71253,1,2,0:0:0:0:
469,192,71253,1,0,0:0:0:0:
213,192,71388,1,0,0:0:0:0:
298,192,71523,1,8,0:0:0:0:
128,192,71658,1,0,0:0:0:0:
384,192,71793,1,2,0:0:0:0:
42,192,71928,1,0,0:0:0:0:
128,192,72063,1,8,0:0:0:0:
469,192,72198,1,2,0:0:0:0:
298,192,72333,1,2,0:0:0:0:
384,192,72333,1,0,0:0:0:0:
42,192,72468,1,2,0:0:0:0:
128,192,72603,1,2,0:0:0:0:
213,192,72603,1,4,0:0:0:0:
469,192,72738,1,2,0:0:0:0:
298,192,72873,128,4,73143:0:0:0:0:
384,192,72873,1,2,0:0:0:0:
42,192,73143,128,4,73413:0:0:0:0:
213,192,73143,1,2,0:0:0:0:
128,192,73413,1,4,0:0:0:0:
469,192,73413,1,2,0:0:0:0:
384,192,73548,1,0,0:0:0:0:
298,192,73683,1,8,0:0:0:0:
213,192,73818,1,0,0:0:0:0:
128,192,73953,1,2,0:0:0:0:
42,192,74088,1,0,0:0:0:0:
298,192,74223,1,8,0:0:0:0:
384,192,74358,1,0,0:0:0:0:
128,192,74493,1,2,0:0:0:0:
469,192,74493,1,0,0:0:0:0:
298,192,74628,1,0,0:0:0:0:
213,192,74763,1,8,0:0:0:0:
128,192,74898,1,0,0:0:0:0:
42,192,75033,1,2,0:0:0:0:
469,192,75236,1,0,0:0:0:0:
298,192,75438,1,2,0:0:0:0:
42,192,75573,1,2,0:0:0:0:
128,192,75573,1,0,0:0:0:0:
213,192,75708,1,0,0:0:0:0:
298,192,75843,1,8,0:0:0:0:
384,192,75978,1,0,0:0:0:0:
469,192,76113,1,2,0:0:0:0:
213,192,76248,1,0,0:0:0:0:
128,192,76383,1,8,0:0:0:0:
42,192,76518,1,0,0:0:0:0:
384,192,76653,1,2,0:0:0:0:
469,192,76653,1,0,0:0:0:0:
298,192,76788,1,0,0:0:0:0:
213,192,76923,1,8,0:0:0:0:
128,192,77058,1,0,0:0:0:0:
42,192,77193,1,2,0:0:0:0:
298,192,77328,1,2,0:0:0:0:
384,192,77463,1,8,0:0:0:0:
469,192,77598,1,0,0:0:0:0:
42,192,77733,1,2,0:0:0:0:
128,192,77733,1,0,0:0:0:0:
213,192,77936,1,0,0:0:0:0:
469,192,78138,1,0,0:0:0:0:
384,192,78341,1,0,0:0:0:0:
42,192,78543,1,8,0:0:0:0:
213,192,78678,1,2,0:0:0:0:
298,192,78813,1,0,0:0:0:0:
475,192,78813,1,0,0:0:0:0:
128,192,78948,1,2,0:0:0:0:
42,192,79083,1,8,0:0:0:0:
384,192,79218,1,0,0:0:0:0:
213,192,79353,1,2,0:0:0:0:
298,192,79556,1,2,0:0:0:0:
128,192,79758,1,0,0:0:0:0:
42,192,79893,1,2,0:0:0:0:
469,192,79893,1,0,0:0:0:0:
384,192,80096,1,0,0:0:0:0:
213,192,80298,1,2,0:0:0:0:
298,192,80501,1,0,0:0:0:0:
128,192,80703,1,10,0:0:0:0:
384,192,80838,1,2,0:0:0:0:
42,192,80973,1,2,0:0:0:0:
469,192,80973,1,4,0:0:0:0:
128,192,81108,1,2,0:0:0:0:
213,192,81243,1,10,0:0:0:0:
298,192,81243,1,4,0:0:0:0:
469,192,81378,1,2,0:0:0:0:
42,192,81513,1,2,0:0:0:0:
384,192,81513,1,4,0:0:0:0:
128,192,81648,1,2,0:0:0:0:
213,192,81783,1,2,0:0:0:0:
298,192,81783,1,4,0:0:0:0:
384,192,81918,1,2,0:0:0:0:
42,192,82053,1,2,0:0:0:0:
469,192,82053,1,4,0:0:0:0:
128,192,82593,1,0,0:0:0:0:
469,192,83133,1,0,0:0:0:0:
402,192,83673,1,0,0:0:0:0:
298,192,84213,1,0,0:0:0:0:
182,192,84753,1,0,0:0:0:0:
109,192,85293,1,0,0:0:0:0:
42,192,85563,1,0,0:0:0:0:
256,192,85833,1,0,0:0:0:0:
402,192,86103,1,0,0:0:0:0:
469,192,86373,1,0,0:0:0:0:
213,192,86913,1,0,0:0:0:0:
128,192,87453,1,0,0:0:0:0:
402,192,87993,1,0,0:0:0:0:
469,192,88533,1,0,0:0:0:0:
42,192,89073,1,0,0:0:0:0:
109,192,89613,1,0,0:0:0:0:
213,192,89883,1,0,0:0:0:0:
469,192,90153,1,0,0:0:0:0:
402,192,90423,1,0,0:0:0:0:
42,192,90693,1,2,0:0:0:0:
128,192,90693,1,4,0:0:0:0:
213,192,91233,1,0,0:0:0:0:
469,192,91773,1,0,0:0:0:0:
402,192,92313,1,0,0:0:0:0:
213,192,92853,1,2,0:0:0:0:
298,192,92853,1,4,0:0:0:0:
42,192,93393,1,0,0:0:0:0:
128,192,93933,1,0,0:0:0:0:
469,192,94203,1,0,0:0:0:0:
384,192,94473,1,0,0:0:0:0:
329,192,94743,1,0,0:0:0:0:
42,192,95013,1,4,0:0:0:0:
469,192,95013,1,2,0:0:0:0:
213,192,95553,1,0,0:0:0:0:
128,192,96093,1,2,0:0:0:0:
384,192,96093,1,4,0:0:0:0:
213,192,96633,1,4,0:0:0:0:
298,192,96633,1,2,0:0:0:0:
42,192,97173,1,2,0:0:0:0:
469,192,97173,1,4,0:0:0:0:
128,192,97443,1,4,0:0:0:0:
384,192,97443,1,2,0:0:0:0:
213,192,97713,1,2,0:0:0:0:
298,192,97713,1,4,0:0:0:0:
128,192,97983,128,4,98253:0:0:0:0:
384,192,97983,1,2,0:0:0:0:
42,192,98253,1,2,0:0:0:0:
298,192,98253,1,4,0:0:0:0:
469,192,98253,1,0,0:0:0:0:
213,192,98523,1,2,0:0:0:0:
384,192,98793,1,2,0:0:0:0:
298,192,99063,1,2,0:0:0:0:
128,192,99333,1,2,0:0:0:0:
384,192,99333,1,0,0:0:0:0:
469,192,99333,1,0,0:0:0:0:
42,192,99603,1,2,0:0:0:0:
213,192,99873,1,2,0:0:0:0:
298,192,100143,1,2,0:0:0:0:
42,192,100413,1,2,0:0:0:0:
128,192,100413,1,0,0:0:0:0:
384,192,100413,1,0,0:0:0:0:
469,192,100683,1,2,0:0:0:0:
213,192,100953,1,2,0:0:0:0:
42,192,101223,1,2,0:0:0:0:
213,192,101493,1,2,0:0:0:0:
298,192,101493,1,0,0:0:0:0:
469,192,101493,1,0,0:0:0:0:
384,192,101763,1,2,0:0:0:0:
42,192,102033,1,2,0:0:0:0:
128,192,102304,1,2,0:0:0:0:
213,192,102439,1,2,0:0:0:0:
42,192,102574,1,2,0:0:0:0:
298,192,102574,1,0,0:0:0:0:
469,192,102574,1,0,0:0:0:0:
384,192,102844,1,2,0:0:0:0:
128,192,103114,1,2,0:0:0:0:
213,192,103384,1,2,0:0:0:0:
109,192,103654,1,2,0:0:0:0:
384,192,103654,1,0,0:0:0:0:
469,192,103654,1,0,0:0:0:0:
42,192,103924,1,2,0:0:0:0:
213,192,104194,1,2,0:0:0:0:
298,192,104464,1,2,0:0:0:0:
42,192,104734,1,2,0:0:0:0:
128,192,104734,1,0,0:0:0:0:
384,192,104734,1,0,0:0:0:0:
469,192,105004,1,2,0:0:0:0:
213,192,105274,1,2,0:0:0:0:
42,192,105544,1,2,0:0:0:0:
213,192,105814,1,2,0:0:0:0:
384,192,105814,1,0,0:0:0:0:
469,192,105814,1,0,0:0:0:0:
298,192,106084,1,2,0:0:0:0:
42,192,106354,1,2,0:0:0:0:
128,192,106354,1,0,0:0:0:0:
469,192,106354,1,0,0:0:0:0:
213,192,106624,1,2,0:0:0:0:
42,192,106894,1,2,0:0:0:0:
298,192,106894,1,4,0:0:0:0:
384,192,106894,128,0,107704:0:0:0:0:
42,192,107704,1,8,0:0:0:0:
128,192,107704,1,4,0:0:0:0:
213,192,107974,1,2,0:0:0:0:
384,192,107974,1,0,0:0:0:0:
469,192,107974,1,0,0:0:0:0:
42,192,108176,1,0,0:0:0:0:
298,192,108379,1,0,0:0:0:0:
128,192,108581,1,0,0:0:0:0:
213,192,108784,1,8,0:0:0:0:
42,192,108919,1,0,0:0:0:0:
384,192,109054,1,2,0:0:0:0:
469,192,109054,1,0,0:0:0:0:
213,192,109256,1,0,0:0:0:0:
128,192,109459,1,0,0:0:0:0:
298,192,109661,1,0,0:0:0:0:
384,192,109864,1,8,0:0:0:0:
42,192,109999,1,2,0:0:0:0:
128,192,110134,1,2,0:0:0:0:
469,192,110134,1,0,0:0:0:0:
213,192,110336,1,0,0:0:0:0:
384,192,110539,1,0,0:0:0:0:
128,192,110741,1,0,0:0:0:0:
213,192,110944,1,8,0:0:0:0:
298,192,111079,1,0,0:0:0:0:
42,192,111214,1,2,0:0:0:0:
469,192,111214,1,0,0:0:0:0:
213,192,111416,1,2,0:0:0:0:
384,192,111619,1,2,0:0:0:0:
469,192,111754,1,2,0:0:0:0:
298,192,111889,1,2,0:0:0:0:
213,192,112024,1,10,0:0:0:0:
128,192,112159,1,2,0:0:0:0:
42,192,112294,1,2,0:0:0:0:
384,192,112294,1,0,0:0:0:0:
469,192,112496,1,0,0:0:0:0:
298,192,112699,1,0,0:0:0:0:
128,192,112834,1,2,0:0:0:0:
213,192,112969,1,0,0:0:0:0:
42,192,113104,1,8,0:0:0:0:
298,192,113239,1,2,0:0:0:0:
213,192,113374,1,0,0:0:0:0:
469,192,113374,1,0,0:0:0:0:
384,192,113509,1,2,0:0:0:0:
42,192,113644,1,8,0:0:0:0:
128,192,113779,1,0,0:0:0:0:
469,192,113914,1,2,0:0:0:0:
213,192,114049,1,2,0:0:0:0:
384,192,114184,1,8,0:0:0:0:
298,192,114319,1,0,0:0:0:0:
42,192,114454,1,2,0:0:0:0:
128,192,114454,1,0,0:0:0:0:
469,192,114589,1,0,0:0:0:0:
213,192,114724,1,8,0:0:0:0:
384,192,114859,1,0,0:0:0:0:
128,192,114994,1,2,0:0:0:0:
469,192,115129,1,0,0:0:0:0:
298,192,115264,1,8,0:0:0:0:
42,192,115399,1,2,0:0:0:0:
128,192,115534,1,2,0:0:0:0:
213,192,115534,1,0,0:0:0:0:
469,192,115669,1,2,0:0:0:0:
298,192,115804,1,4,0:0:0:0:
384,192,115804,1,2,0:0:0:0:
42,192,115939,1,2,0:0:0:0:
128,192,116074,1,2,0:0:0:0:
213,192,116074,128,4,116344:0:0:0:0:
298,192,116344,1,2,0:0:0:0:
469,192,116344,128,4,116614:0:0:0:0:
42,192,116614,1,2,0:0:0:0:
384,192,116614,1,4,0:0:0:0:
298,192,116749,1,0,0:0:0:0:
213,192,116884,1,8,0:0:0:0:
128,192,117019,1,0,0:0:0:0:
42,192,117154,1,2,0:0:0:0:
298,192,117289,1,0,0:0:0:0:
384,192,117424,1,8,0:0:0:0:
469,192,117559,1,2,0:0:0:0:
42,192,117694,1,2,0:0:0:0:
128,192,117694,1,0,0:0:0:0:
213,192,117829,1,0,0:0:0:0:
298,192,117964,1,8,0:0:0:0:
384,192,118099,1,0,0:0:0:0:
469,192,118234,1,2,0:0:0:0:
42,192,118436,1,0,0:0:0:0:
213,192,118639,1,2,0:0:0:0:
384,192,118774,1,2,0:0:0:0:
469,192,118774,1,0,0:0:0:0:
298,192,118909,1,0,0:0:0:0:
213,192,119044,1,8,0:0:0:0:
128,192,119179,1,0,0:0:0:0:
42,192,119314,1,2,0:0:0:0:
298,192,119449,1,0,0:0:0:0:
384,192,119584,1,8,0:0:0:0:
469,192,119719,1,2,0:0:0:0:
42,192,119854,1,2,0:0:0:0:
128,192,119854,1,0,0:0:0:0:
213,192,119989,1,0,0:0:0:0:
298,192,120124,1,8,0:0:0:0:
384,192,120259,1,0,0:0:0:0:
469,192,120394,1,2,0:0:0:0:
213,192,120529,1,2,0:0:0:0:
128,192,120664,1,8,0:0:0:0:
42,192,120799,1,2,0:0:0:0:
384,192,120934,1,2,0:0:0:0:
469,192,120934,1,0,0:0:0:0:
298,192,121136,1,0,0:0:0:0:
42,192,121339,1,0,0:0:0:0:
128,192,121541,1,0,0:0:0:0:
469,192,121744,1,8,0:0:0:0:
298,192,121879,1,2,0:0:0:0:
42,192,122014,1,0,0:0:0:0:
213,192,122014,1,0,0:0:0:0:
384,192,122149,1,2,0:0:0:0:
469,192,122284,1,8,0:0:0:0:
128,192,122419,1,0,0:0:0:0:
298,192,122554,1,2,0:0:0:0:
213,192,122756,1,0,0:0:0:0:
384,192,122959,1,0,0:0:0:0:
42,192,123094,1,2,0:0:0:0:
469,192,123094,1,0,0:0:0:0:
128,192,123296,1,2,0:0:0:0:
298,192,123499,1,2,0:0:0:0:
213,192,123701,1,0,0:0:0:0:
384,192,123904,1,8,0:0:0:0:
128,192,124039,1,2,0:0:0:0:
42,192,124174,1,2,0:0:0:0:
469,192,124174,1,4,0:0:0:0:
384,192,124309,1,2,0:0:0:0:
213,192,124444,1,8,0:0:0:0:
298,192,124444,1,4,0:0:0:0:
42,192,124579,1,2,0:0:0:0:
128,192,124714,1,2,0:0:0:0:
469,192,124714,1,4,0:0:0:0:
384,192,124849,1,2,0:0:0:0:
213,192,124984,1,2,0:0:0:0:
298,192,124984,1,4,0:0:0:0:
128,192,125119,1,2,0:0:0:0:
42,192,125254,1,2,0:0:0:0:
384,192,125254,1,4,0:0:0:0:
469,192,125254,1,0,0:0:0:0:
298,192,125456,1,0,0:0:0:0:
213,192,125659,1,0,0:0:0:0:
42,192,125861,1,0,0:0:0:0:
469,192,126064,1,8,0:0:0:0:
128,192,126199,1,0,0:0:0:0:
213,192,126334,1,2,0:0:0:0:
298,192,126334,1,0,0:0:0:0:
384,192,126536,1,0,0:0:0:0:
42,192,126739,1,0,0:0:0:0:
298,192,126941,1,0,0:0:0:0:
469,192,127144,1,8,0:0:0:0:
128,192,127279,1,2,0:0:0:0:
42,192,127414,1,2,0:0:0:0:
384,192,127414,1,0,0:0:0:0:
213,192,127616,1,0,0:0:0:0:
469,192,127819,1,0,0:0:0:0:
384,192,128021,1,0,0:0:0:0:
128,192,128224,1,8,0:0:0:0:
42,192,128359,1,0,0:0:0:0:
298,192,128494,1,2,0:0:0:0:
469,192,128494,1,0,0:0:0:0:
213,192,128696,1,2,0:0:0:0:
384,192,128899,1,2,0:0:0:0:
42,192,129034,1,2,0:0:0:0:
128,192,129169,1,2,0:0:0:0:
213,192,129304,1,8,0:0:0:0:
298,192,129439,1,2,0:0:0:0:
42,192,129574,1,2,0:0:0:0:
469,192,129574,1,0,0:0:0:0:
384,192,129776,1,0,0:0:0:0:
128,192,129979,1,0,0:0:0:0:
213,192,130114,1,2,0:0:0:0:
469,192,130249,1,0,0:0:0:0:
298,192,130384,1,8,0:0:0:0:
42,192,130519,1,2,0:0:0:0:
128,192,130654,1,0,0:0:0:0:
384,192,130654,1,0,0:0:0:0:
213,192,130789,1,2,0:0:0:0:
298,192,130924,1,8,0:0:0:0:
384,192,131059,1,0,0:0:0:0:
42,192,131194,1,2,0:0:0:0:
128,192,131329,1,2,0:0:0:0:
469,192,131464,1,8,0:0:0:0:
384,192,131599,1,0,0:0:0:0:
213,192,131734,1,2,0:0:0:0:
298,192,131734,1,0,0:0:0:0:
128,192,131869,1,0,0:0:0:0:
42,192,132004,1,8,0:0:0:0:
213,192,132139,1,0,0:0:0:0:
384,192,132274,1,2,0:0:0:0:
469,192,132409,1,0,0:0:0:0:
298,192,132544,1,8,0:0:0:0:
213,192,132679,1,2,0:0:0:0:
42,192,132814,1,2,0:0:0:0:
128,192,132814,1,0,0:0:0:0:
469,192,132949,1,2,0:0:0:0:
298,192,133084,1,4,0:0:0:0:
384,192,133084,1,2,0:0:0:0:
42,192,133219,1,2,0:0:0:0:
128,192,133354,1,2,0:0:0:0:
213,192,133354,128,4,133624:0:0:0:0:
298,192,133624,1,2,0:0:0:0:
469,192,133624,128,4,133894:0:0:0:0:
42,192,133894,1,2,0:0:0:0:
384,192,133894,1,4,0:0:0:0:
213,192,134029,1,0,0:0:0:0:
128,192,134164,1,8,0:0:0:0:
469,192,134299,1,0,0:0:0:0:
384,192,134434,1,2,0:0:0:0:
298,192,134569,1,0,0:0:0:0:
42,192,134704,1,8,0:0:0:0:
128,192,134839,1,2,0:0:0:0:
213,192,134974,1,2,0:0:0:0:
469,192,134974,1,0,0:0:0:0:
384,192,135109,1,0,0:0:0:0:
298,192,135244,1,8,0:0:0:0:
42,192,135379,1,0,0:0:0:0:
128,192,135514,1,2,0:0:0:0:
384,192,135716,1,0,0:0:0:0:
213,192,135919,1,2,0:0:0:0:
42,192,136054,1,2,0:0:0:0:
469,192,136054,1,0,0:0:0:0:
298,192,136189,1,0,0:0:0:0:
213,192,136324,1,8,0:0:0:0:
128,192,136459,1,0,0:0:0:0:
42,192,136594,1,2,0:0:0:0:
298,192,136729,1,0,0:0:0:0:
384,192,136864,1,8,0:0:0:0:
469,192,136999,1,2,0:0:0:0:
42,192,137134,1,2,0:0:0:0:
128,192,137134,1,0,0:0:0:0:
213,192,137269,1,0,0:0:0:0:
298,192,137404,1,8,0:0:0:0:
384,192,137539,1,0,0:0:0:0:
469,192,137674,1,2,0:0:0:0:
213,192,137809,1,2,0:0:0:0:
128,192,137944,1,8,0:0:0:0:
42,192,138079,1,2,0:0:0:0:
384,192,138214,1,2,0:0:0:0:
469,192,138214,1,0,0:0:0:0:
298,192,138416,1,0,0:0:0:0:
42,192,138619,1,0,0:0:0:0:
128,192,138821,1,0,0:0:0:0:
469,192,139024,1,8,0:0:0:0:
298,192,139159,1,2,0:0:0:0:
42,192,139294,1,0,0:0:0:0:
213,192,139294,1,0,0:0:0:0:
384,192,139429,1,2,0:0:0:0:
469,192,139564,1,8,0:0:0:0:
128,192,139699,1,0,0:0:0:0:
298,192,139834,1,2,0:0:0:0:
213,192,140036,1,0,0:0:0:0:
384,192,140239,1,0,0:0:0:0:
42,192,140374,1,2,0:0:0:0:
469,192,140374,1,0,0:0:0:0:
128,192,140576,1,0,0:0:0:0:
213,192,140779,1,0,0:0:0:0:
298,192,140981,1,0,0:0:0:0:
384,192,141184,1,8,0:0:0:0:
128,192,141319,1,0,0:0:0:0:
42,192,141454,1,2,0:0:0:0:
469,192,141454,1,0,0:0:0:0:
384,192,141589,1,2,0:0:0:0:
213,192,141724,1,2,0:0:0:0:
298,192,141724,1,0,0:0:0:0:
42,192,141859,1,2,0:0:0:0:
128,192,141994,1,2,0:0:0:0:
469,192,141994,1,0,0:0:0:0:
384,192,142129,1,2,0:0:0:0:
213,192,142264,1,2,0:0:0:0:
298,192,142264,1,0,0:0:0:0:
128,192,142399,1,2,0:0:0:0:
42,192,142534,1,2,0:0:0:0:
384,192,142534,1,4,0:0:0:0:
469,192,142534,1,0,0:0:0:0:
298,192,142669,1,2,0:0:0:0:
213,192,142804,1,2,0:0:0:0:
128,192,142939,1,2,0:0:0:0:
42,192,143074,1,6,0:0:0:0:
298,192,143209,1,2,0:0:0:0:
384,192,143344,1,2,0:0:0:0:
469,192,143479,1,2,0:0:0:0:
128,192,143614,1,6,0:0:0:0:
213,192,143749,1,2,0:0:0:0:
42,192,143884,1,2,0:0:0:0:
384,192,144019,1,2,0:0:0:0:
298,192,144154,1,6,0:0:0:0:
469,192,144289,1,2,0:0:0:0:
42,192,144424,1,2,0:0:0:0:
213,192,144559,1,2,0:0:0:0:
128,192,144694,1,6,0:0:0:0:
384,192,144829,1,2,0:0:0:0:
213,192,144964,1,2,0:0:0:0:
469,192,145099,1,2,0:0:0:0:
42,192,145234,1,6,0:0:0:0:
298,192,145369,1,2,0:0:0:0:
128,192,145504,1,2,0:0:0:0:
384,192,145639,1,2,0:0:0:0:
213,192,145774,1,6,0:0:0:0:
469,192,145909,1,2,0:0:0:0:
42,192,146044,1,2,0:0:0:0:
298,192,146179,1,2,0:0:0:0:
213,192,146314,1,6,0:0:0:0:
384,192,146449,1,2,0:0:0:0:
128,192,146584,1,2,0:0:0:0:
469,192,146719,1,2,0:0:0:0:
42,192,146854,1,2,0:0:0:0:
298,192,146854,1,4,0:0:0:0:
384,192,146854,128,0,149014:0:0:0:0:
213,192,147124,1,8,0:0:0:0:
128,192,147394,1,2,0:0:0:0:
469,192,147664,1,8,0:0:0:0:
298,192,147934,1,2,0:0:0:0:
42,192,148204,1,8,0:0:0:0:
213,192,148474,1,2,0:0:0:0:
469,192,148744,1,8,0:0:0:0:
42,192,149014,1,2,0:0:0:0:
128,192,149014,1,4,0:0:0:0:
298,192,149284,1,8,0:0:0:0:
213,192,149554,1,2,0:0:0:0:
469,192,149554,1,0,0:0:0:0:
128,192,149824,1,8,0:0:0:0:
298,192,150094,1,2,0:0:0:0:
384,192,150094,1,0,0:0:0:0:
42,192,150364,1,4,0:0:0:0:
469,192,150364,1,8,0:0:0:0:
42,192,150634,1,2,0:0:0:0:
469,192,150634,1,4,0:0:0:0:
213,192,150836,1,6,0:0:0:0:
298,192,151039,1,6,0:0:0:0:
42,192,151174,1,2,0:0:0:0:
469,192,151174,1,4,0:0:0:0:
128,192,151444,1,8,0:0:0:0:
384,192,151714,1,2,0:0:0:0:
213,192,151984,1,12,0:0:0:0:
128,192,152119,1,6,0:0:0:0:
469,192,152389,1,6,0:0:0:0:
384,192,152524,1,12,0:0:0:0:
42,192,152659,1,2,0:0:0:0:
128,192,152794,1,6,0:0:0:0:
213,192,152929,1,2,0:0:0:0:
298,192,153064,1,12,0:0:0:0:
384,192,153199,1,2,0:0:0:0:
42,192,153334,1,2,0:0:0:0:
469,192,153334,1,4,0:0:0:0:
213,192,153604,1,10,0:0:0:0:
384,192,153874,1,2,0:0:0:0:
469,192,153874,1,4,0:0:0:0:
298,192,154144,1,8,0:0:0:0:
42,192,154414,1,2,0:0:0:0:
128,192,154414,1,4,0:0:0:0:
384,192,154684,1,6,0:0:0:0:
469,192,154684,1,8,0:0:0:0:
213,192,154954,1,2,0:0:0:0:
298,192,154954,1,4,0:0:0:0:
42,192,155224,1,2,0:0:0:0:
469,192,155224,1,4,0:0:0:0:
128,192,155494,1,2,0:0:0:0:
384,192,155494,1,4,0:0:0:0:
213,192,155764,1,8,0:0:0:0:
384,192,156034,1,2,0:0:0:0:
469,192,156034,1,0,0:0:0:0:
213,192,156304,1,8,0:0:0:0:
42,192,156574,1,2,0:0:0:0:
128,192,156574,1,0,0:0:0:0:
298,192,156844,1,8,0:0:0:0:
42,192,157114,1,2,0:0:0:0:
469,192,157114,1,0,0:0:0:0:
384,192,157384,1,8,0:0:0:0:
213,192,157654,1,2,0:0:0:0:
298,192,157654,1,4,0:0:0:0:
128,192,157924,1,8,0:0:0:0:
42,192,158194,1,2,0:0:0:0:
469,192,158194,1,0,0:0:0:0:
384,192,158464,1,8,0:0:0:0:
213,192,158734,1,2,0:0:0:0:
298,192,158734,1,0,0:0:0:0:
42,192,159004,1,8,0:0:0:0:
469,192,159004,1,4,0:0:0:0:
42,192,159274,1,2,0:0:0:0:
469,192,159274,1,4,0:0:0:0:
213,192,159477,1,6,0:0:0:0:
298,192,159679,1,6,0:0:0:0:
42,192,159814,1,2,0:0:0:0:
469,192,159814,1,4,0:0:0:0:
128,192,160084,1,8,0:0:0:0:
298,192,160354,1,2,0:0:0:0:
384,192,160354,1,0,0:0:0:0:
213,192,160624,1,12,0:0:0:0:
42,192,160759,1,6,0:0:0:0:
384,192,161029,1,2,0:0:0:0:
469,192,161164,1,12,0:0:0:0:
213,192,161299,1,2,0:0:0:0:
128,192,161434,1,6,0:0:0:0:
42,192,161569,1,2,0:0:0:0:
298,192,161704,1,12,0:0:0:0:
384,192,161839,1,2,0:0:0:0:
42,192,161974,1,2,0:0:0:0:
469,192,161974,1,4,0:0:0:0:
213,192,162244,1,8,0:0:0:0:
384,192,162514,1,2,0:0:0:0:
469,192,162514,1,4,0:0:0:0:
298,192,162784,1,10,0:0:0:0:
42,192,163054,1,2,0:0:0:0:
128,192,163054,1,4,0:0:0:0:
384,192,163324,1,2,0:0:0:0:
469,192,163324,1,4,0:0:0:0:
213,192,163594,1,2,0:0:0:0:
298,192,163594,1,4,0:0:0:0:
128,192,163864,1,2,0:0:0:0:
384,192,163864,1,4,0:0:0:0:
42,192,164134,1,2,0:0:0:0:
298,192,164134,1,4,0:0:0:0:
213,192,164404,1,8,0:0:0:0:
384,192,164539,1,0,0:0:0:0:
128,192,164674,1,2,0:0:0:0:
469,192,164809,1,0,0:0:0:0:
42,192,164944,1,8,0:0:0:0:
213,192,165079,1,0,0:0:0:0:
298,192,165214,1,2,0:0:0:0:
128,192,165484,1,8,0:0:0:0:
384,192,165484,1,0,0:0:0:0:
298,192,165754,1,2,0:0:0:0:
42,192,166024,1,8,0:0:0:0:
213,192,166024,1,0,0:0:0:0:
469,192,166159,1,2,0:0:0:0:
384,192,166294,1,2,0:0:0:0:
128,192,166429,1,0,0:0:0:0:
213,192,166564,1,8,0:0:0:0:
298,192,166564,1,0,0:0:0:0:
469,192,166834,1,2,0:0:0:0:
42,192,166969,1,0,0:0:0:0:
384,192,167104,1,8,0:0:0:0:
128,192,167239,1,0,0:0:0:0:
298,192,167374,1,2,0:0:0:0:
213,192,167644,1,8,0:0:0:0:
469,192,167644,1,0,0:0:0:0:
128,192,167914,1,2,0:0:0:0:
298,192,168184,1,8,0:0:0:0:
384,192,168184,1,0,0:0:0:0:
42,192,168319,1,2,0:0:0:0:
213,192,168454,1,2,0:0:0:0:
384,192,168724,1,8,0:0:0:0:
469,192,168724,1,0,0:0:0:0:
298,192,168859,1,0,0:0:0:0:
128,192,168994,1,2,0:0:0:0:
42,192,169264,1,8,0:0:0:0:
384,192,169264,1,0,0:0:0:0:
213,192,169399,1,0,0:0:0:0:
298,192,169534,1,2,0:0:0:0:
128,192,169804,1,8,0:0:0:0:
469,192,169804,1,0,0:0:0:0:
384,192,169939,1,0,0:0:0:0:
213,192,170074,1,2,0:0:0:0:
42,192,170344,1,8,0:0:0:0:
298,192,170344,1,0,0:0:0:0:
213,192,170479,1,2,0:0:0:0:
469,192,170614,1,2,0:0:0:0:
128,192,170884,1,8,0:0:0:0:
384,192,170884,1,0,0:0:0:0:
213,192,171154,1,2,0:0:0:0:
42,192,171424,1,8,0:0:0:0:
298,192,171424,1,0,0:0:0:0:
469,192,171559,1,2,0:0:0:0:
128,192,171694,1,2,0:0:0:0:
298,192,171964,1,8,0:0:0:0:
469,192,171964,1,4,0:0:0:0:
213,192,172234,1,4,0:0:0:0:
384,192,172234,1,2,0:0:0:0:
128,192,172504,1,2,0:0:0:0:
298,192,172504,1,4,0:0:0:0:
42,192,172774,1,2,0:0:0:0:
213,192,172774,1,4,0:0:0:0:
384,192,173044,1,8,0:0:0:0:
128,192,173179,1,0,0:0:0:0:
469,192,173314,1,2,0:0:0:0:
213,192,173449,1,0,0:0:0:0:
298,192,173584,1,8,0:0:0:0:
42,192,173719,1,0,0:0:0:0:
384,192,173854,1,2,0:0:0:0:
128,192,174124,1,8,0:0:0:0:
469,192,174124,1,0,0:0:0:0:
298,192,174394,1,2,0:0:0:0:
42,192,174664,1,8,0:0:0:0:
213,192,174664,1,0,0:0:0:0:
469,192,174799,1,2,0:0:0:0:
384,192,174934,1,2,0:0:0:0:
128,192,175204,1,8,0:0:0:0:
298,192,175339,1,0,0:0:0:0:
213,192,175474,1,2,0:0:0:0:
384,192,175609,1,0,0:0:0:0:
42,192,175744,1,8,0:0:0:0:
469,192,175879,1,0,0:0:0:0:
128,192,176014,1,2,0:0:0:0:
298,192,176284,1,8,0:0:0:0:
384,192,176284,1,0,0:0:0:0:
128,192,176554,1,2,0:0:0:0:
213,192,176824,1,8,0:0:0:0:
469,192,176824,1,0,0:0:0:0:
42,192,177094,1,2,0:0:0:0:
384,192,177094,1,0,0:0:0:0:
128,192,177229,1,0,0:0:0:0:
298,192,177364,1,8,0:0:0:0:
213,192,177499,1,0,0:0:0:0:
469,192,177634,1,2,0:0:0:0:
128,192,177904,1,8,0:0:0:0:
384,192,177904,1,0,0:0:0:0:
298,192,178039,1,0,0:0:0:0:
213,192,178174,1,2,0:0:0:0:
42,192,178309,1,0,0:0:0:0:
469,192,178444,1,8,0:0:0:0:
128,192,178579,1,0,0:0:0:0:
298,192,178714,1,2,0:0:0:0:
213,192,178984,1,8,0:0:0:0:
384,192,178984,1,0,0:0:0:0:
42,192,179119,1,2,0:0:0:0:
469,192,179254,1,2,0:0:0:0:
128,192,179524,1,8,0:0:0:0:
298,192,179524,1,2,0:0:0:0:
213,192,179794,1,2,0:0:0:0:
384,192,180064,1,2,0:0:0:0:
469,192,180064,1,8,0:0:0:0:
42,192,180334,1,2,0:0:0:0:
213,192,180334,1,4,0:0:0:0:
128,192,180604,1,4,0:0:0:0:
298,192,180604,1,2,0:0:0:0:
213,192,180874,1,4,0:0:0:0:
384,192,180874,1,2,0:0:0:0:
298,192,181144,1,2,0:0:0:0:
469,192,181144,1,4,0:0:0:0:
42,192,181414,1,2,0:0:0:0:
128,192,181414,1,4,0:0:0:0:
213,192,181684,1,8,0:0:0:0:
384,192,181684,1,0,0:0:0:0:
298,192,181954,1,2,0:0:0:0:
128,192,182089,1,0,0:0:0:0:
469,192,182224,1,8,0:0:0:0:
42,192,182494,1,2,0:0:0:0:
213,192,182764,1,8,0:0:0:0:
384,192,182764,1,0,0:0:0:0:
298,192,182899,1,0,0:0:0:0:
128,192,183034,1,2,0:0:0:0:
469,192,183169,1,0,0:0:0:0:
42,192,183304,1,8,0:0:0:0:
213,192,183439,1,2,0:0:0:0:
384,192,183574,1,2,0:0:0:0:
469,192,183574,1,0,0:0:0:0:
128,192,183844,1,8,0:0:0:0:
298,192,183844,1,0,0:0:0:0:
213,192,184114,1,2,0:0:0:0:
469,192,184384,1,8,0:0:0:0:
213,192,184654,1,2,0:0:0:0:
42,192,184924,1,8,0:0:0:0:
384,192,184924,1,0,0:0:0:0:
128,192,185059,1,0,0:0:0:0:
469,192,185194,1,2,0:0:0:0:
298,192,185329,1,0,0:0:0:0:
213,192,185464,1,8,0:0:0:0:
128,192,185599,1,2,0:0:0:0:
384,192,185734,1,2,0:0:0:0:
42,192,186004,1,8,0:0:0:0:
469,192,186004,1,0,0:0:0:0:
213,192,186274,1,2,0:0:0:0:
128,192,186544,1,8,0:0:0:0:
298,192,186544,1,0,0:0:0:0:
469,192,186814,1,2,0:0:0:0:
42,192,187084,1,8,0:0:0:0:
384,192,187084,1,0,0:0:0:0:
213,192,187354,1,2,0:0:0:0:
128,192,187624,1,8,0:0:0:0:
469,192,187624,1,0,0:0:0:0:
384,192,187759,1,2,0:0:0:0:
298,192,187894,1,2,0:0:0:0:
42,192,188164,1,8,0:0:0:0:
469,192,188164,1,0,0:0:0:0:
213,192,188299,1,0,0:0:0:0:
298,192,188434,1,2,0:0:0:0:
128,192,188704,1,8,0:0:0:0:
469,192,188704,1,0,0:0:0:0:
384,192,188839,1,2,0:0:0:0:
298,192,188974,1,2,0:0:0:0:
42,192,189244,1,2,0:0:0:0:
128,192,189244,1,4,0:0:0:0:
213,192,189514,1,2,0:0:0:0:
298,192,189514,1,4,0:0:0:0:
384,192,189784,1,2,0:0:0:0:
469,192,189784,1,4,0:0:0:0:
42,192,190054,1,2,0:0:0:0:
128,192,190054,1,4,0:0:0:0:
298,192,190324,1,8,0:0:0:0:
384,192,190324,1,0,0:0:0:0:
469,192,190594,1,2,0:0:0:0:
128,192,190729,1,0,0:0:0:0:
298,192,190864,1,8,0:0:0:0:
213,192,190999,1,0,0:0:0:0:
384,192,191134,1,2,0:0:0:0:
42,192,191404,1,8,0:0:0:0:
298,192,191404,1,0,0:0:0:0:
469,192,191539,1,0,0:0:0:0:
128,192,191674,1,2,0:0:0:0:
213,192,191944,1,8,0:0:0:0:
384,192,191944,1,0,0:0:0:0:
298,192,192079,1,2,0:0:0:0:
42,192,192214,1,2,0:0:0:0:
384,192,192484,1,8,0:0:0:0:
469,192,192484,1,0,0:0:0:0:
128,192,192754,1,2,0:0:0:0:
213,192,193024,1,8,0:0:0:0:
469,192,193024,1,0,0:0:0:0:
298,192,193294,1,2,0:0:0:0:
42,192,193564,1,8,0:0:0:0:
384,192,193564,1,0,0:0:0:0:
213,192,193699,1,0,0:0:0:0:
469,192,193834,1,2,0:0:0:0:
128,192,193969,1,0,0:0:0:0:
298,192,194104,1,8,0:0:0:0:
384,192,194239,1,2,0:0:0:0:
42,192,194374,1,2,0:0:0:0:
213,192,194509,1,0,0:0:0:0:
469,192,194644,1,8,0:0:0:0:
128,192,194779,1,0,0:0:0:0:
298,192,194914,1,0,0:0:0:0:
42,192,195184,1,8,0:0:0:0:
384,192,195184,1,0,0:0:0:0:
213,192,195454,1,4,0:0:0:0:
469,192,195454,1,0,0:0:0:0:
128,192,195724,1,8,0:0:0:0:
298,192,195724,1,0,0:0:0:0:
384,192,195859,1,0,0:0:0:0:
42,192,195994,1,4,0:0:0:0:
469,192,196129,1,0,0:0:0:0:
213,192,196264,1,10,0:0:0:0:
298,192,196399,1,2,0:0:0:0:
128,192,196534,1,4,0:0:0:0:
384,192,196534,1,2,0:0:0:0:
42,192,196669,1,2,0:0:0:0:
298,192,196804,1,2,0:0:0:0:
469,192,196939,1,2,0:0:0:0:
42,192,197074,1,4,0:0:0:0:
128,192,197074,1,2,0:0:0:0:
384,192,197209,1,2,0:0:0:0:
298,192,197344,1,2,0:0:0:0:
213,192,197479,1,2,0:0:0:0:
128,192,197614,1,4,0:0:0:0:
469,192,197614,1,2,0:0:0:0:
384,192,197749,1,2,0:0:0:0:
42,192,197884,1,2,0:0:0:0:
213,192,198019,1,2,0:0:0:0:
298,192,198154,1,4,0:0:0:0:
469,192,198154,1,2,0:0:0:0:
384,192,198289,1,2,0:0:0:0:
128,192,198424,1,2,0:0:0:0:
42,192,198559,1,2,0:0:0:0:
384,192,198694,1,4,0:0:0:0:
469,192,198694,1,2,0:0:0:0:
298,192,198829,1,2,0:0:0:0:
213,192,198964,1,2,0:0:0:0:
42,192,199099,1,2,0:0:0:0:
128,192,199234,1,4,0:0:0:0:
469,192,199234,1,2,0:0:0:0:
384,192,199369,1,2,0:0:0:0:
298,192,199504,1,2,0:0:0:0:
213,192,199639,1,2,0:0:0:0:
42,192,199774,1,4,0:0:0:0:
128,192,199774,1,2,0:0:0:0:
384,192,199909,1,2,0:0:0:0:
469,192,200044,1,2,0:0:0:0:
298,192,200179,1,2,0:0:0:0:
42,192,200314,1,4,0:0:0:0:
384,192,200314,1,2,0:0:0:0:
128,192,200449,1,2,0:0:0:0:
213,192,200584,1,2,0:0:0:0:
298,192,200719,1,2,0:0:0:0:
42,192,200854,1,2,0:0:0:0:
384,192,200854,1,4,0:0:0:0:
469,192,200854,128,0,201394:0:0:0:0:
128,192,201394,128,0,201934:0:0:0:0:
42,192,201934,128,0,202475:0:0:0:0:
469,192,202475,128,0,203015:0:0:0:0:
213,192,203015,128,0,203555:0:0:0:0:
384,192,203555,128,0,204095:0:0:0:0:
298,192,204095,128,0,204635:0:0:0:0:
42,192,204635,1,0,0:0:0:0:
128,192,204770,1,0,0:0:0:0:
213,192,204905,1,0,0:0:0:0:
329,192,205040,1,0,0:0:0:0:
384,192,205175,128,0,205715:0:0:0:0:
469,192,205715,128,0,205985:0:0:0:0:
213,192,205985,128,0,206255:0:0:0:0:
42,192,206255,128,0,206525:0:0:0:0:
384,192,206525,128,0,206795:0:0:0:0:
128,192,206795,128,0,207065:0:0:0:0:
298,192,207065,128,0,207335:0:0:0:0:
213,192,207335,128,0,207605:0:0:0:0:
469,192,207605,128,0,207875:0:0:0:0:
42,192,207875,128,0,208145:0:0:0:0:
384,192,208145,128,0,208415:0:0:0:0:
128,192,208415,128,0,208955:0:0:0:0:
256,192,208955,1,0,0:0:0:0:
384,192,209225,1,0,0:0:0:0:
42,192,209495,1,2,0:0:0:0:
469,192,209495,1,4,0:0:0:0:
213,192,209765,1,0,0:0:0:0:
128,192,210035,1,0,0:0:0:0:
384,192,210305,1,0,0:0:0:0:
42,192,210575,1,0,0:0:0:0:
128,192,210710,1,0,0:0:0:0:
213,192,210845,1,0,0:0:0:0:
298,192,210980,1,0,0:0:0:0:
402,192,211115,1,0,0:0:0:0:
469,192,211385,1,0,0:0:0:0:
42,192,211655,1,4,0:0:0:0:
128,192,211655,1,2,0:0:0:0:
384,192,211925,1,0,0:0:0:0:
182,192,212195,1,0,0:0:0:0:
298,192,212465,1,0,0:0:0:0:
469,192,212735,1,0,0:0:0:0:
42,192,213005,1,0,0:0:0:0:
213,192,213275,1,0,0:0:0:0:
384,192,213545,1,0,0:0:0:0:
42,192,213815,1,2,0:0:0:0:
469,192,213815,1,4,0:0:0:0:
329,192,214355,1,0,0:0:0:0:
128,192,214625,1,0,0:0:0:0:
384,192,214895,1,4,0:0:0:0:
469,192,214895,1,2,0:0:0:0:
213,192,215165,1,0,0:0:0:0:
42,192,215435,1,2,0:0:0:0:
128,192,215435,1,4,0:0:0:0:
298,192,215705,1,0,0:0:0:0:
42,192,215975,1,2,0:0:0:0:
469,192,215975,1,4,0:0:0:0:
384,192,216245,1,0,0:0:0:0:
213,192,216515,1,4,0:0:0:0:
298,192,216515,1,2,0:0:0:0:
128,192,216785,1,6,0:0:0:0:
42,192,217055,1,0,0:0:0:0:
469,192,217055,1,0,0:0:0:0:
128,192,217325,1,2,0:0:0:0:
384,192,217325,1,0,0:0:0:0:
213,192,217595,1,2,0:0:0:0:
298,192,217595,1,0,0:0:0:0:
42,192,217865,1,2,0:0:0:0:
469,192,217865,1,0,0:0:0:0:
128,192,218135,1,2,0:0:0:0:
213,192,218135,1,4,0:0:0:0:
384,192,218135,1,0,0:0:0:0:
298,192,218337,1,0,0:0:0:0:
42,192,218540,1,0,0:0:0:0:
384,192,218742,1,0,0:0:0:0:
298,192,218945,1,8,0:0:0:0:
469,192,219080,1,0,0:0:0:0:
42,192,219215,1,2,0:0:0:0:
128,192,219215,1,0,0:0:0:0:
298,192,219417,1,0,0:0:0:0:
384,192,219620,1,0,0:0:0:0:
213,192,219822,1,0,0:0:0:0:
128,192,220025,1,8,0:0:0:0:
469,192,220160,1,2,0:0:0:0:
42,192,220295,1,2,0:0:0:0:
384,192,220295,1,0,0:0:0:0:
298,192,220497,1,0,0:0:0:0:
128,192,220700,1,0,0:0:0:0:
384,192,220902,1,0,0:0:0:0:
298,192,221105,1,8,0:0:0:0:
213,192,221240,1,0,0:0:0:0:
42,192,221375,1,2,0:0:0:0:
469,192,221375,1,0,0:0:0:0:
298,192,221577,1,2,0:0:0:0:
128,192,221780,1,2,0:0:0:0:
42,192,221915,1,2,0:0:0:0:
213,192,222050,1,2,0:0:0:0:
298,192,222185,1,10,0:0:0:0:
384,192,222320,1,2,0:0:0:0:
128,192,222455,1,2,0:0:0:0:
469,192,222455,1,0,0:0:0:0:
42,192,222657,1,0,0:0:0:0:
213,192,222860,1,0,0:0:0:0:
298,192,222995,1,2,0:0:0:0:
384,192,223130,1,0,0:0:0:0:
469,192,223265,1,8,0:0:0:0:
213,192,223400,1,2,0:0:0:0:
42,192,223535,1,0,0:0:0:0:
298,192,223535,1,0,0:0:0:0:
128,192,223670,1,2,0:0:0:0:
469,192,223805,1,8,0:0:0:0:
384,192,223940,1,0,0:0:0:0:
213,192,224075,1,2,0:0:0:0:
298,192,224210,1,2,0:0:0:0:
128,192,224345,1,8,0:0:0:0:
42,192,224480,1,0,0:0:0:0:
384,192,224615,1,2,0:0:0:0:
469,192,224615,1,0,0:0:0:0:
213,192,224750,1,0,0:0:0:0:
298,192,224885,1,8,0:0:0:0:
128,192,225020,1,0,0:0:0:0:
213,192,225155,1,2,0:0:0:0:
42,192,225290,1,0,0:0:0:0:
128,192,225425,1,8,0:0:0:0:
469,192,225560,1,2,0:0:0:0:
298,192,225695,1,2,0:0:0:0:
384,192,225695,1,0,0:0:0:0:
42,192,225830,1,2,0:0:0:0:
128,192,225965,1,2,0:0:0:0:
213,192,225965,1,4,0:0:0:0:
469,192,226100,1,2,0:0:0:0:
298,192,226235,128,4,226505:0:0:0:0:
384,192,226235,1,2,0:0:0:0:
42,192,226505,128,4,226775:0:0:0:0:
213,192,226505,1,2,0:0:0:0:
128,192,226775,1,4,0:0:0:0:
469,192,226775,1,2,0:0:0:0:
384,192,226910,1,0,0:0:0:0:
298,192,227045,1,8,0:0:0:0:
213,192,227180,1,0,0:0:0:0:
128,192,227315,1,2,0:0:0:0:
42,192,227450,1,0,0:0:0:0:
298,192,227585,1,8,0:0:0:0:
384,192,227720,1,2,0:0:0:0:
128,192,227855,1,2,0:0:0:0:
469,192,227855,1,0,0:0:0:0:
298,192,227990,1,0,0:0:0:0:
213,192,228125,1,8,0:0:0:0:
128,192,228260,1,0,0:0:0:0:
42,192,228395,1,2,0:0:0:0:
469,192,228597,1,0,0:0:0:0:
298,192,228800,1,2,0:0:0:0:
42,192,228935,1,2,0:0:0:0:
128,192,228935,1,0,0:0:0:0:
213,192,229070,1,0,0:0:0:0:
298,192,229205,1,8,0:0:0:0:
384,192,229340,1,0,0:0:0:0:
469,192,229475,1,2,0:0:0:0:
213,192,229610,1,0,0:0:0:0:
128,192,229745,1,8,0:0:0:0:
42,192,229880,1,2,0:0:0:0:
384,192,230015,1,2,0:0:0:0:
469,192,230015,1,0,0:0:0:0:
298,192,230150,1,0,0:0:0:0:
213,192,230285,1,8,0:0:0:0:
128,192,230420,1,0,0:0:0:0:
42,192,230555,1,2,0:0:0:0:
298,192,230690,1,2,0:0:0:0:
384,192,230825,1,8,0:0:0:0:
469,192,230960,1,0,0:0:0:0:
42,192,231095,1,2,0:0:0:0:
128,192,231095,1,0,0:0:0:0:
213,192,231297,1,0,0:0:0:0:
469,192,231500,1,0,0:0:0:0:
384,192,231702,1,0,0:0:0:0:
42,192,231905,1,8,0:0:0:0:
213,192,232040,1,2,0:0:0:0:
298,192,232175,1,0,0:0:0:0:
469,192,232175,1,0,0:0:0:0:
128,192,232310,1,2,0:0:0:0:
42,192,232445,1,8,0:0:0:0:
384,192,232580,1,0,0:0:0:0:
213,192,232715,1,2,0:0:0:0:
298,192,232917,1,0,0:0:0:0:
128,192,233120,1,0,0:0:0:0:
42,192,233255,1,2,0:0:0:0:
469,192,233255,1,0,0:0:0:0:
384,192,233457,1,2,0:0:0:0:
213,192,233660,1,2,0:0:0:0:
298,192,233862,1,0,0:0:0:0:
128,192,234065,1,8,0:0:0:0:
384,192,234200,1,2,0:0:0:0:
42,192,234335,1,4,0:0:0:0:
469,192,234335,1,2,0:0:0:0:
128,192,234470,1,2,0:0:0:0:
213,192,234605,1,4,0:0:0:0:
298,192,234605,1,8,0:0:0:0:
469,192,234740,1,2,0:0:0:0:
42,192,234875,1,4,0:0:0:0:
384,192,234875,1,2,0:0:0:0:
128,192,235010,1,2,0:0:0:0:
213,192,235145,1,4,0:0:0:0:
298,192,235145,1,2,0:0:0:0:
384,192,235280,1,2,0:0:0:0:
42,192,235415,1,4,0:0:0:0:
128,192,235415,1,2,0:0:0:0:
469,192,235415,1,0,0:0:0:0:
213,192,235685,1,8,0:0:0:0:
298,192,235820,1,0,0:0:0:0:
469,192,236022,1,0,0:0:0:0:
42,192,236225,1,8,0:0:0:0:
384,192,236360,1,0,0:0:0:0:
213,192,236495,1,2,0:0:0:0:
298,192,236495,1,0,0:0:0:0:
128,192,236697,1,0,0:0:0:0:
469,192,236900,1,0,0:0:0:0:
213,192,237102,1,0,0:0:0:0:
42,192,237305,1,8,0:0:0:0:
384,192,237440,1,2,0:0:0:0:
128,192,237575,1,2,0:0:0:0:
469,192,237575,1,0,0:0:0:0:
298,192,237777,1,0,0:0:0:0:
42,192,237980,1,0,0:0:0:0:
128,192,238182,1,0,0:0:0:0:
384,192,238385,1,8,0:0:0:0:
469,192,238520,1,0,0:0:0:0:
42,192,238655,1,2,0:0:0:0:
213,192,238655,1,0,0:0:0:0:
298,192,238857,1,2,0:0:0:0:
128,192,239060,1,2,0:0:0:0:
469,192,239195,1,2,0:0:0:0:
384,192,239330,1,2,0:0:0:0:
298,192,239465,1,8,0:0:0:0:
213,192,239600,1,2,0:0:0:0:
42,192,239735,1,2,0:0:0:0:
469,192,239735,1,0,0:0:0:0:
128,192,239937,1,0,0:0:0:0:
384,192,240140,1,0,0:0:0:0:
298,192,240342,1,0,0:0:0:0:
128,192,240545,1,8,0:0:0:0:
469,192,240680,1,2,0:0:0:0:
213,192,240815,1,0,0:0:0:0:
384,192,240815,1,0,0:0:0:0:
42,192,240950,1,2,0:0:0:0:
298,192,241085,1,8,0:0:0:0:
128,192,241220,1,0,0:0:0:0:
469,192,241355,1,2,0:0:0:0:
384,192,241490,1,2,0:0:0:0:
42,192,241625,1,8,0:0:0:0:
128,192,241760,1,0,0:0:0:0:
213,192,241895,1,2,0:0:0:0:
298,192,241895,1,0,0:0:0:0:
384,192,242030,1,0,0:0:0:0:
469,192,242165,1,8,0:0:0:0:
298,192,242300,1,0,0:0:0:0:
128,192,242435,1,2,0:0:0:0:
42,192,242570,1,0,0:0:0:0:
213,192,242705,1,8,0:0:0:0:
298,192,242840,1,2,0:0:0:0:
384,192,242975,1,2,0:0:0:0:
469,192,242975,1,0,0:0:0:0:
42,192,243110,1,2,0:0:0:0:
128,192,243245,1,4,0:0:0:0:
213,192,243245,1,2,0:0:0:0:
469,192,243380,1,2,0:0:0:0:
298,192,243515,128,2,243785:0:0:0:0:
384,192,243515,1,4,0:0:0:0:
42,192,243785,128,2,244055:0:0:0:0:
213,192,243785,1,4,0:0:0:0:
128,192,244055,1,2,0:0:0:0:
469,192,244055,1,4,0:0:0:0:
384,192,244190,1,0,0:0:0:0:
298,192,244325,1,8,0:0:0:0:
42,192,244460,1,0,0:0:0:0:
128,192,244595,1,2,0:0:0:0:
213,192,244730,1,0,0:0:0:0:
469,192,244865,1,8,0:0:0:0:
384,192,245000,1,2,0:0:0:0:
42,192,245135,1,2,0:0:0:0:
298,192,245135,1,0,0:0:0:0:
128,192,245270,1,0,0:0:0:0:
213,192,245405,1,8,0:0:0:0:
469,192,245540,1,0,0:0:0:0:
384,192,245675,1,2,0:0:0:0:
128,192,245877,1,0,0:0:0:0:
298,192,246080,1,2,0:0:0:0:
42,192,246215,1,2,0:0:0:0:
469,192,246215,1,0,0:0:0:0:
213,192,246350,1,0,0:0:0:0:
298,192,246485,1,8,0:0:0:0:
384,192,246620,1,0,0:0:0:0:
469,192,246755,1,2,0:0:0:0:
213,192,246890,1,0,0:0:0:0:
128,192,247025,1,8,0:0:0:0:
42,192,247160,1,2,0:0:0:0:
384,192,247295,1,2,0:0:0:0:
469,192,247295,1,0,0:0:0:0:
298,192,247430,1,0,0:0:0:0:
213,192,247565,1,8,0:0:0:0:
128,192,247700,1,0,0:0:0:0:
42,192,247835,1,2,0:0:0:0:
298,192,247970,1,2,0:0:0:0:
384,192,248105,1,8,0:0:0:0:
469,192,248240,1,0,0:0:0:0:
42,192,248375,1,2,0:0:0:0:
128,192,248375,1,0,0:0:0:0:
213,192,248577,1,0,0:0:0:0:
469,192,248780,1,0,0:0:0:0:
384,192,248982,1,0,0:0:0:0:
42,192,249185,1,8,0:0:0:0:
213,192,249320,1,2,0:0:0:0:
298,192,249455,1,0,0:0:0:0:
469,192,249455,1,0,0:0:0:0:
128,192,249590,1,2,0:0:0:0:
42,192,249725,1,8,0:0:0:0:
384,192,249860,1,0,0:0:0:0:
213,192,249995,1,2,0:0:0:0:
298,192,250197,1,0,0:0:0:0:
128,192,250400,1,0,0:0:0:0:
42,192,250535,1,2,0:0:0:0:
469,192,250535,1,0,0:0:0:0:
384,192,250737,1,0,0:0:0:0:
213,192,250940,1,0,0:0:0:0:
298,192,251142,1,0,0:0:0:0:
128,192,251345,1,8,0:0:0:0:
384,192,251480,1,0,0:0:0:0:
42,192,251615,1,2,0:0:0:0:
469,192,251615,1,0,0:0:0:0:
128,192,251750,1,2,0:0:0:0:
213,192,251885,1,2,0:0:0:0:
298,192,251885,1,0,0:0:0:0:
469,192,252020,1,2,0:0:0:0:
42,192,252155,1,2,0:0:0:0:
384,192,252155,1,0,0:0:0:0:
128,192,252290,1,2,0:0:0:0:
213,192,252425,1,2,0:0:0:0:
298,192,252425,1,0,0:0:0:0:
384,192,252560,1,2,0:0:0:0:
42,192,252695,1,2,0:0:0:0:
128,192,252695,1,4,0:0:0:0:
469,192,252695,1,0,0:0:0:0:
213,192,252830,1,2,0:0:0:0:
298,192,252965,1,2,0:0:0:0:
384,192,253100,1,2,0:0:0:0:
469,192,253235,1,6,0:0:0:0:
213,192,253370,1,2,0:0:0:0:
128,192,253505,1,2,0:0:0:0:
42,192,253640,1,2,0:0:0:0:
298,192,253775,1,6,0:0:0:0:
384,192,253910,1,2,0:0:0:0:
469,192,254045,1,2,0:0:0:0:
128,192,254180,1,2,0:0:0:0:
298,192,254315,1,6,0:0:0:0:
42,192,254450,1,2,0:0:0:0:
469,192,254585,1,2,0:0:0:0:
213,192,254720,1,2,0:0:0:0:
384,192,254855,1,6,0:0:0:0:
128,192,254990,1,2,0:0:0:0:
298,192,255125,1,2,0:0:0:0:
42,192,255260,1,2,0:0:0:0:
469,192,255395,1,6,0:0:0:0:
213,192,255530,1,2,0:0:0:0:
384,192,255665,1,2,0:0:0:0:
128,192,255800,1,2,0:0:0:0:
298,192,255935,1,6,0:0:0:0:
42,192,256070,1,2,0:0:0:0:
469,192,256205,1,2,0:0:0:0:
213,192,256340,1,2,0:0:0:0:
298,192,256475,1,6,0:0:0:0:
128,192,256610,1,2,0:0:0:0:
213,192,256745,1,2,0:0:0:0:
384,192,256880,1,2,0:0:0:0:
42,192,257015,128,2,261335:0:0:0:0:
128,192,257015,1,4,0:0:0:0:
469,192,257015,128,0,261335:0:0:0:0:
