osu file format v14

[General]
AudioFilename: audio.mp3
AudioLeadIn: 0
PreviewTime: 107974
Countdown: 0
SampleSet: Soft
StackLeniency: 0.7
Mode: 3
LetterboxInBreaks: 0
SpecialStyle: 0
WidescreenStoryboard: 0

[Editor]
DistanceSpacing: 0.8
BeatDivisor: 2
GridSize: 8
TimelineZoom: 1

[Metadata]
Title:Freedom Dive
TitleUnicode:Freedom Dive
Artist:xi
ArtistUnicode:xi
Creator:-Enma-
Version:Intermediate
Source:MAXBEAT
Tags:menphiss -ryu- ryu7w7 fd video game instrumental electronic happy hardcore speedcore piano long version extended bms wacca voez muse dash sound voltex iv heavenly haven 太鼓の達人 taiko no tatsujin chunithm plus cytus parousia album mappers' guild mg mpg featured artist fa セッションでドドンがドン！ くらんて
BeatmapID:5186823
BeatmapSetID:2389723

[Difficulty]
HPDrainRate:6.5
CircleSize:6
OverallDifficulty:6.5
ApproachRate:5
SliderMultiplier:1.4
SliderTickRate:1

[Events]
//Background and Video events
0,0,"freedombgV2.jpg",0,0
//Break Periods
//Storyboard Layer 0 (Background)
//Storyboard Layer 1 (Fail)
//Storyboard Layer 2 (Pass)
//Storyboard Layer 3 (Foreground)
//Storyboard Layer 4 (Overlay)
//Storyboard Sound Samples


[TimingPoints]
2133,270.002700027,4,2,1,60,1,0
64773,-100.0,4,2,1,60,0,1
82053,-100.0,4,2,1,60,0,0
107974,-100.0,4,2,1,60,0,1
142534,-100.0,4,2,1,60,0,0
218135,-100.0,4,2,1,60,0,1
252695,-100.0,4,2,1,60,0,0

[HitObjects]
42,192,2133,1,2,0:0:0:0:
469,192,2133,128,4,3213:0:0:0:0:
128,192,4293,1,2,0:0:0:0:
384,192,4293,1,4,0:0:0:0:
213,192,6453,1,2,0:0:0:0:
298,192,6453,1,4,0:0:0:0:
384,192,8613,1,2,0:0:0:0:
469,192,8613,1,4,0:0:0:0:
213,192,9153,1,4,0:0:0:0:
298,192,9153,1,0,0:0:0:0:
42,192,9693,1,8,0:0:0:0:
128,192,9693,1,4,0:0:0:0:
469,192,9963,1,12,0:0:0:0:
384,192,10233,1,4,0:0:0:0:
298,192,10503,1,12,0:0:0:0:
42,192,10773,1,2,0:0:0:0:
128,192,10773,1,4,0:0:0:0:
213,192,11043,1,8,0:0:0:0:
384,192,11313,1,2,0:0:0:0:
469,192,11313,1,0,0:0:0:0:
298,192,11583,1,8,0:0:0:0:
42,192,11853,1,2,0:0:0:0:
213,192,11853,1,0,0:0:0:0:
384,192,12123,1,8,0:0:0:0:
298,192,12393,1,2,0:0:0:0:
469,192,12393,1,0,0:0:0:0:
128,192,12663,1,8,0:0:0:0:
42,192,12933,1,2,0:0:0:0:
469,192,12933,1,4,0:0:0:0:
384,192,13203,1,8,0:0:0:0:
42,192,13473,1,2,0:0:0:0:
128,192,13473,1,0,0:0:0:0:
213,192,13743,1,8,0:0:0:0:
384,192,14013,1,2,0:0:0:0:
469,192,14013,1,0,0:0:0:0:
298,192,14283,1,12,0:0:0:0:
128,192,14553,1,12,0:0:0:0:
213,192,14755,1,12,0:0:0:0:
298,192,14958,1,12,0:0:0:0:
42,192,15093,1,4,0:0:0:0:
469,192,15093,1,8,0:0:0:0:
128,192,15363,1,8,0:0:0:0:
298,192,15633,1,2,0:0:0:0:
469,192,15633,1,0,0:0:0:0:
42,192,15903,128,8,18333:0:0:0:0:
213,192,15903,1,4,0:0:0:0:
384,192,16443,1,12,0:0:0:0:
469,192,16983,1,12,0:0:0:0:
213,192,17523,1,8,0:0:0:0:
128,192,18063,1,8,0:0:0:0:
384,192,18333,1,4,0:0:0:0:
469,192,18333,128,8,19413:0:0:0:0:
298,192,18603,1,12,0:0:0:0:
213,192,18873,1,12,0:0:0:0:
128,192,19143,1,12,0:0:0:0:
42,192,19413,1,4,0:0:0:0:
384,192,19413,1,2,0:0:0:0:
298,192,19683,1,8,0:0:0:0:
42,192,19953,1,2,0:0:0:0:
213,192,19953,1,0,0:0:0:0:
128,192,20223,1,8,0:0:0:0:
298,192,20493,1,2,0:0:0:0:
469,192,20493,1,0,0:0:0:0:
384,192,20763,1,8,0:0:0:0:
42,192,21033,1,2,0:0:0:0:
128,192,21033,1,0,0:0:0:0:
213,192,21303,1,8,0:0:0:0:
298,192,21573,1,2,0:0:0:0:
469,192,21573,1,4,0:0:0:0:
128,192,21843,1,8,0:0:0:0:
42,192,22113,1,2,0:0:0:0:
384,192,22113,1,0,0:0:0:0:
298,192,22383,1,8,0:0:0:0:
128,192,22653,1,2,0:0:0:0:
213,192,22653,1,0,0:0:0:0:
469,192,22923,1,12,0:0:0:0:
42,192,23193,1,12,0:0:0:0:
128,192,23395,1,12,0:0:0:0:
213,192,23598,1,12,0:0:0:0:
298,192,23733,1,8,0:0:0:0:
469,192,23733,1,4,0:0:0:0:
384,192,24003,1,8,0:0:0:0:
128,192,24273,1,2,0:0:0:0:
213,192,24273,1,0,0:0:0:0:
42,192,24543,128,8,25893:0:0:0:0:
469,192,24543,1,4,0:0:0:0:
384,192,25083,1,12,0:0:0:0:
469,192,25623,1,12,0:0:0:0:
128,192,25893,1,6,0:0:0:0:
213,192,26163,1,14,0:0:0:0:
469,192,26433,1,6,0:0:0:0:
384,192,26703,1,14,0:0:0:0:
42,192,26973,1,6,0:0:0:0:
128,192,27243,1,14,0:0:0:0:
213,192,27513,1,6,0:0:0:0:
298,192,27783,1,14,0:0:0:0:
42,192,28053,1,2,0:0:0:0:
469,192,28053,128,4,28593:0:0:0:0:
213,192,28593,128,0,29133:0:0:0:0:
128,192,29133,128,0,29673:0:0:0:0:
42,192,29673,128,0,30213:0:0:0:0:
384,192,30213,128,0,30753:0:0:0:0:
298,192,30753,128,0,31293:0:0:0:0:
128,192,31293,128,0,31833:0:0:0:0:
213,192,31833,128,0,32373:0:0:0:0:
384,192,32373,128,0,32913:0:0:0:0:
469,192,32913,128,0,33453:0:0:0:0:
42,192,33453,128,0,33993:0:0:0:0:
298,192,33993,128,0,34533:0:0:0:0:
213,192,34533,128,0,35073:0:0:0:0:
42,192,35073,128,0,35613:0:0:0:0:
298,192,35613,128,0,36693:0:0:0:0:
42,192,36693,1,2,0:0:0:0:
469,192,36693,1,4,0:0:0:0:
128,192,36963,1,0,0:0:0:0:
213,192,37233,1,0,0:0:0:0:
469,192,37503,1,0,0:0:0:0:
384,192,37773,128,0,38853:0:0:0:0:
42,192,38853,1,2,0:0:0:0:
128,192,38853,1,4,0:0:0:0:
213,192,39123,1,0,0:0:0:0:
469,192,39393,1,0,0:0:0:0:
384,192,39663,1,0,0:0:0:0:
128,192,39933,128,0,41013:0:0:0:0:
42,192,41013,1,2,0:0:0:0:
469,192,41013,128,4,42093:0:0:0:0:
42,192,42093,128,2,42633:0:0:0:0:
213,192,42093,1,4,0:0:0:0:
384,192,42633,128,2,43173:0:0:0:0:
469,192,42633,1,4,0:0:0:0:
128,192,43173,1,2,0:0:0:0:
213,192,43173,128,4,43713:0:0:0:0:
384,192,43713,1,2,0:0:0:0:
469,192,43713,1,0,0:0:0:0:
42,192,43983,1,2,0:0:0:0:
128,192,43983,1,0,0:0:0:0:
384,192,44253,128,8,45333:0:0:0:0:
298,192,44523,1,10,0:0:0:0:
213,192,44793,1,10,0:0:0:0:
128,192,45063,1,10,0:0:0:0:
42,192,45333,1,2,0:0:0:0:
469,192,45333,1,0,0:0:0:0:
384,192,45603,1,2,0:0:0:0:
298,192,45873,1,2,0:0:0:0:
213,192,46143,1,2,0:0:0:0:
128,192,46413,1,2,0:0:0:0:
42,192,46683,1,2,0:0:0:0:
384,192,46953,1,2,0:0:0:0:
298,192,47223,1,2,0:0:0:0:
42,192,47493,1,2,0:0:0:0:
469,192,47493,1,0,0:0:0:0:
128,192,48033,1,2,0:0:0:0:
213,192,48303,1,8,0:0:0:0:
298,192,48573,1,2,0:0:0:0:
384,192,48843,1,8,0:0:0:0:
469,192,49113,1,2,0:0:0:0:
213,192,49383,1,8,0:0:0:0:
128,192,49653,1,2,0:0:0:0:
42,192,49923,1,8,0:0:0:0:
469,192,50193,1,2,0:0:0:0:
384,192,50463,1,8,0:0:0:0:
298,192,50733,1,2,0:0:0:0:
42,192,51003,1,8,0:0:0:0:
128,192,51273,1,2,0:0:0:0:
213,192,51543,1,8,0:0:0:0:
469,192,51813,1,2,0:0:0:0:
42,192,52083,1,8,0:0:0:0:
384,192,52353,1,2,0:0:0:0:
128,192,52623,1,8,0:0:0:0:
298,192,52893,1,2,0:0:0:0:
213,192,53163,1,8,0:0:0:0:
469,192,53433,1,2,0:0:0:0:
42,192,53703,1,8,0:0:0:0:
128,192,53973,1,2,0:0:0:0:
213,192,54243,1,8,0:0:0:0:
469,192,54513,1,2,0:0:0:0:
384,192,54783,1,8,0:0:0:0:
298,192,55053,1,2,0:0:0:0:
42,192,55323,128,8,56133:0:0:0:0:
469,192,55323,1,4,0:0:0:0:
128,192,55593,1,6,0:0:0:0:
213,192,55863,1,12,0:0:0:0:
384,192,56133,1,2,0:0:0:0:
469,192,56133,1,4,0:0:0:0:
213,192,56673,1,2,0:0:0:0:
128,192,56943,1,8,0:0:0:0:
42,192,57213,1,2,0:0:0:0:
469,192,57483,1,8,0:0:0:0:
384,192,57753,1,2,0:0:0:0:
298,192,58023,1,8,0:0:0:0:
42,192,58293,1,2,0:0:0:0:
128,192,58563,1,8,0:0:0:0:
213,192,58833,1,2,0:0:0:0:
298,192,59103,1,8,0:0:0:0:
469,192,59373,1,2,0:0:0:0:
42,192,59643,1,8,0:0:0:0:
384,192,59913,1,2,0:0:0:0:
128,192,60183,1,8,0:0:0:0:
298,192,60453,1,2,0:0:0:0:
213,192,60723,1,8,0:0:0:0:
42,192,60993,1,2,0:0:0:0:
469,192,61263,1,8,0:0:0:0:
128,192,61533,1,2,0:0:0:0:
384,192,61803,1,8,0:0:0:0:
213,192,62073,1,2,0:0:0:0:
298,192,62343,1,8,0:0:0:0:
42,192,62613,128,2,63153:0:0:0:0:
469,192,62613,1,0,0:0:0:0:
128,192,63153,128,2,63693:0:0:0:0:
298,192,63153,1,0,0:0:0:0:
384,192,63693,128,2,64233:0:0:0:0:
469,192,63693,1,0,0:0:0:0:
128,192,64233,1,2,0:0:0:0:
213,192,64233,128,4,64773:0:0:0:0:
42,192,64773,128,2,65313:0:0:0:0:
469,192,64773,1,4,0:0:0:0:
298,192,65043,1,8,0:0:0:0:
128,192,65313,128,2,65853:0:0:0:0:
384,192,65583,1,8,0:0:0:0:
469,192,65853,128,2,66393:0:0:0:0:
213,192,66123,1,8,0:0:0:0:
384,192,66393,128,2,66933:0:0:0:0:
128,192,66663,1,8,0:0:0:0:
42,192,66933,128,2,67473:0:0:0:0:
469,192,67203,1,8,0:0:0:0:
213,192,67473,128,2,68013:0:0:0:0:
384,192,67743,1,8,0:0:0:0:
469,192,68013,128,2,68553:0:0:0:0:
128,192,68283,1,8,0:0:0:0:
298,192,68553,128,2,69093:0:0:0:0:
384,192,68823,1,10,0:0:0:0:
42,192,69093,128,2,69633:0:0:0:0:
213,192,69363,1,8,0:0:0:0:
384,192,69633,128,2,70173:0:0:0:0:
128,192,69903,1,8,0:0:0:0:
213,192,70173,128,0,70713:0:0:0:0:
42,192,70443,1,8,0:0:0:0:
469,192,70713,128,2,71253:0:0:0:0:
384,192,70983,1,8,0:0:0:0:
128,192,71253,128,2,71793:0:0:0:0:
213,192,71523,1,8,0:0:0:0:
298,192,71793,128,2,72333:0:0:0:0:
469,192,72063,1,8,0:0:0:0:
42,192,72333,128,2,73413:0:0:0:0:
128,192,72603,1,6,0:0:0:0:
213,192,72873,1,6,0:0:0:0:
298,192,73143,1,6,0:0:0:0:
128,192,73413,1,4,0:0:0:0:
469,192,73413,128,2,73683:0:0:0:0:
384,192,73683,128,8,73953:0:0:0:0:
298,192,73953,128,2,74223:0:0:0:0:
42,192,74223,128,8,74493:0:0:0:0:
128,192,74493,128,2,75573:0:0:0:0:
384,192,74763,1,8,0:0:0:0:
298,192,75033,1,2,0:0:0:0:
213,192,75303,1,8,0:0:0:0:
469,192,75573,128,2,75843:0:0:0:0:
384,192,75843,128,8,76113:0:0:0:0:
42,192,76113,128,2,76383:0:0:0:0:
128,192,76383,128,8,76653:0:0:0:0:
213,192,76653,128,2,76923:0:0:0:0:
469,192,76923,128,8,77193:0:0:0:0:
384,192,77193,128,2,77463:0:0:0:0:
298,192,77463,128,8,77733:0:0:0:0:
42,192,77733,1,2,0:0:0:0:
128,192,78003,1,8,0:0:0:0:
469,192,78273,1,2,0:0:0:0:
298,192,78543,1,8,0:0:0:0:
42,192,78813,1,0,0:0:0:0:
213,192,79083,1,8,0:0:0:0:
469,192,79353,1,2,0:0:0:0:
384,192,79623,1,8,0:0:0:0:
213,192,79893,1,2,0:0:0:0:
298,192,80163,1,8,0:0:0:0:
42,192,80433,1,2,0:0:0:0:
213,192,80703,1,10,0:0:0:0:
42,192,80973,1,2,0:0:0:0:
469,192,80973,1,4,0:0:0:0:
298,192,81243,1,10,0:0:0:0:
384,192,81243,1,4,0:0:0:0:
128,192,81513,1,2,0:0:0:0:
213,192,81513,1,4,0:0:0:0:
42,192,81783,1,2,0:0:0:0:
469,192,81783,1,4,0:0:0:0:
213,192,82053,1,2,0:0:0:0:
298,192,82053,128,4,84213:0:0:0:0:
42,192,84213,128,0,86373:0:0:0:0:
469,192,86373,128,0,88533:0:0:0:0:
384,192,88533,128,0,90693:0:0:0:0:
42,192,90693,128,2,92853:0:0:0:0:
128,192,90693,1,4,0:0:0:0:
384,192,92853,128,2,95013:0:0:0:0:
469,192,92853,1,4,0:0:0:0:
42,192,95013,1,4,0:0:0:0:
213,192,95013,128,2,96093:0:0:0:0:
42,192,96093,1,2,0:0:0:0:
469,192,96093,128,4,96633:0:0:0:0:
128,192,96633,1,4,0:0:0:0:
384,192,96633,128,2,97173:0:0:0:0:
42,192,97173,1,6,0:0:0:0:
128,192,97443,1,6,0:0:0:0:
469,192,97713,1,6,0:0:0:0:
384,192,97983,1,6,0:0:0:0:
42,192,98253,128,2,99333:0:0:0:0:
213,192,98253,1,4,0:0:0:0:
213,192,99333,128,2,100413:0:0:0:0:
298,192,99333,1,0,0:0:0:0:
128,192,100413,1,2,0:0:0:0:
384,192,100413,128,0,101493:0:0:0:0:
42,192,101493,1,2,0:0:0:0:
469,192,101493,128,0,102574:0:0:0:0:
213,192,102574,1,2,0:0:0:0:
298,192,102574,128,0,103654:0:0:0:0:
128,192,103654,1,2,0:0:0:0:
384,192,103654,128,0,104734:0:0:0:0:
42,192,104734,1,2,0:0:0:0:
469,192,104734,128,0,105814:0:0:0:0:
42,192,105814,128,2,106354:0:0:0:0:
298,192,105814,1,0,0:0:0:0:
213,192,106354,128,2,106894:0:0:0:0:
384,192,106894,1,2,0:0:0:0:
469,192,106894,128,4,107704:0:0:0:0:
213,192,107704,1,8,0:0:0:0:
384,192,107704,1,4,0:0:0:0:
42,192,107974,128,2,108514:0:0:0:0:
298,192,107974,1,0,0:0:0:0:
128,192,108244,1,8,0:0:0:0:
298,192,108514,128,2,109054:0:0:0:0:
384,192,108784,1,8,0:0:0:0:
128,192,109054,128,2,109594:0:0:0:0:
213,192,109324,1,8,0:0:0:0:
469,192,109594,128,2,110134:0:0:0:0:
298,192,109864,1,8,0:0:0:0:
42,192,110134,128,2,110674:0:0:0:0:
384,192,110404,1,8,0:0:0:0:
213,192,110674,128,2,111214:0:0:0:0:
298,192,110944,1,8,0:0:0:0:
469,192,111214,128,2,111754:0:0:0:0:
128,192,111484,1,8,0:0:0:0:
298,192,111754,128,2,112294:0:0:0:0:
213,192,112024,1,10,0:0:0:0:
42,192,112294,128,2,112834:0:0:0:0:
384,192,112564,1,8,0:0:0:0:
128,192,112834,128,2,113374:0:0:0:0:
298,192,113104,1,8,0:0:0:0:
469,192,113374,128,0,113914:0:0:0:0:
42,192,113644,1,8,0:0:0:0:
213,192,113914,128,2,114454:0:0:0:0:
128,192,114184,1,8,0:0:0:0:
384,192,114454,128,2,114994:0:0:0:0:
298,192,114724,1,8,0:0:0:0:
128,192,114994,128,2,115534:0:0:0:0:
213,192,115264,1,8,0:0:0:0:
42,192,115534,128,2,116614:0:0:0:0:
384,192,115804,1,6,0:0:0:0:
213,192,116074,1,6,0:0:0:0:
298,192,116344,1,6,0:0:0:0:
128,192,116614,1,2,0:0:0:0:
469,192,116614,128,4,116884:0:0:0:0:
384,192,116884,128,8,117154:0:0:0:0:
298,192,117154,128,2,117424:0:0:0:0:
42,192,117424,128,8,117694:0:0:0:0:
128,192,117694,128,2,118774:0:0:0:0:
384,192,117964,1,8,0:0:0:0:
298,192,118234,1,2,0:0:0:0:
213,192,118504,1,8,0:0:0:0:
469,192,118774,128,2,119044:0:0:0:0:
384,192,119044,128,8,119314:0:0:0:0:
42,192,119314,128,2,119584:0:0:0:0:
128,192,119584,128,8,119854:0:0:0:0:
213,192,119854,128,2,120124:0:0:0:0:
469,192,120124,128,8,120394:0:0:0:0:
384,192,120394,128,2,120664:0:0:0:0:
298,192,120664,128,8,120934:0:0:0:0:
42,192,120934,1,2,0:0:0:0:
213,192,121204,1,8,0:0:0:0:
469,192,121474,1,2,0:0:0:0:
298,192,121744,1,8,0:0:0:0:
42,192,122014,1,0,0:0:0:0:
128,192,122284,1,8,0:0:0:0:
469,192,122554,1,2,0:0:0:0:
384,192,122824,1,8,0:0:0:0:
213,192,123094,1,2,0:0:0:0:
298,192,123364,1,8,0:0:0:0:
42,192,123634,1,2,0:0:0:0:
213,192,123904,1,8,0:0:0:0:
42,192,124174,1,2,0:0:0:0:
469,192,124174,1,4,0:0:0:0:
298,192,124444,1,8,0:0:0:0:
384,192,124444,1,4,0:0:0:0:
128,192,124714,1,2,0:0:0:0:
213,192,124714,1,4,0:0:0:0:
42,192,124984,1,2,0:0:0:0:
469,192,124984,1,4,0:0:0:0:
128,192,125254,1,2,0:0:0:0:
384,192,125254,128,4,125794:0:0:0:0:
213,192,125524,1,8,0:0:0:0:
469,192,125794,128,2,126334:0:0:0:0:
128,192,126064,1,8,0:0:0:0:
42,192,126334,128,2,126874:0:0:0:0:
298,192,126604,1,8,0:0:0:0:
213,192,126874,128,2,127414:0:0:0:0:
384,192,127144,1,8,0:0:0:0:
469,192,127414,128,2,127954:0:0:0:0:
42,192,127684,1,8,0:0:0:0:
298,192,127954,128,2,128494:0:0:0:0:
128,192,128224,1,8,0:0:0:0:
42,192,128494,128,2,129034:0:0:0:0:
384,192,128764,1,8,0:0:0:0:
213,192,129034,128,2,129574:0:0:0:0:
298,192,129304,1,8,0:0:0:0:
469,192,129574,128,2,130114:0:0:0:0:
128,192,129844,1,8,0:0:0:0:
384,192,130114,128,2,130654:0:0:0:0:
213,192,130384,1,8,0:0:0:0:
128,192,130654,128,0,131194:0:0:0:0:
469,192,130924,1,8,0:0:0:0:
42,192,131194,128,2,131734:0:0:0:0:
384,192,131464,1,8,0:0:0:0:
298,192,131734,128,2,132274:0:0:0:0:
128,192,132004,1,8,0:0:0:0:
213,192,132274,128,2,132814:0:0:0:0:
42,192,132544,1,8,0:0:0:0:
469,192,132814,128,2,133894:0:0:0:0:
128,192,133084,1,6,0:0:0:0:
298,192,133354,1,6,0:0:0:0:
213,192,133624,1,6,0:0:0:0:
42,192,133894,128,2,134164:0:0:0:0:
384,192,133894,1,4,0:0:0:0:
128,192,134164,128,8,134434:0:0:0:0:
213,192,134434,128,2,134704:0:0:0:0:
469,192,134704,128,8,134974:0:0:0:0:
384,192,134974,128,2,136054:0:0:0:0:
128,192,135244,1,8,0:0:0:0:
213,192,135514,1,2,0:0:0:0:
298,192,135784,1,8,0:0:0:0:
42,192,136054,128,2,136324:0:0:0:0:
128,192,136324,128,8,136594:0:0:0:0:
469,192,136594,128,2,136864:0:0:0:0:
384,192,136864,128,8,137134:0:0:0:0:
298,192,137134,128,2,137404:0:0:0:0:
42,192,137404,128,8,137674:0:0:0:0:
128,192,137674,128,2,137944:0:0:0:0:
213,192,137944,128,8,138214:0:0:0:0:
469,192,138214,1,2,0:0:0:0:
298,192,138484,1,8,0:0:0:0:
42,192,138754,1,2,0:0:0:0:
128,192,139024,1,8,0:0:0:0:
469,192,139294,1,0,0:0:0:0:
384,192,139564,1,8,0:0:0:0:
42,192,139834,1,2,0:0:0:0:
213,192,140104,1,8,0:0:0:0:
298,192,140374,1,2,0:0:0:0:
128,192,140644,1,8,0:0:0:0:
469,192,140914,1,0,0:0:0:0:
298,192,141184,1,8,0:0:0:0:
42,192,141454,1,2,0:0:0:0:
469,192,141454,1,0,0:0:0:0:
128,192,141724,1,2,0:0:0:0:
213,192,141724,1,0,0:0:0:0:
298,192,141994,1,2,0:0:0:0:
384,192,141994,1,0,0:0:0:0:
42,192,142264,1,2,0:0:0:0:
469,192,142264,1,0,0:0:0:0:
213,192,142534,1,2,0:0:0:0:
298,192,142534,1,4,0:0:0:0:
128,192,142804,1,2,0:0:0:0:
42,192,143074,1,2,0:0:0:0:
469,192,143074,1,4,0:0:0:0:
298,192,143344,1,2,0:0:0:0:
128,192,143614,1,2,0:0:0:0:
384,192,143614,1,4,0:0:0:0:
469,192,143884,1,2,0:0:0:0:
42,192,144154,1,2,0:0:0:0:
298,192,144154,1,4,0:0:0:0:
384,192,144424,1,2,0:0:0:0:
42,192,144694,1,2,0:0:0:0:
213,192,144694,1,4,0:0:0:0:
469,192,144964,1,2,0:0:0:0:
128,192,145234,1,2,0:0:0:0:
384,192,145234,1,4,0:0:0:0:
298,192,145504,1,2,0:0:0:0:
213,192,145774,1,2,0:0:0:0:
469,192,145774,1,4,0:0:0:0:
128,192,146044,1,2,0:0:0:0:
42,192,146314,1,4,0:0:0:0:
298,192,146314,1,2,0:0:0:0:
384,192,146584,1,2,0:0:0:0:
128,192,146854,1,2,0:0:0:0:
469,192,146854,128,4,149014:0:0:0:0:
384,192,147124,1,8,0:0:0:0:
298,192,147664,1,8,0:0:0:0:
42,192,148204,1,8,0:0:0:0:
128,192,148744,1,8,0:0:0:0:
213,192,149014,1,2,0:0:0:0:
384,192,149014,1,4,0:0:0:0:
298,192,149284,1,8,0:0:0:0:
42,192,149554,1,2,0:0:0:0:
384,192,149824,1,8,0:0:0:0:
128,192,150094,1,2,0:0:0:0:
469,192,150364,1,12,0:0:0:0:
384,192,150634,1,6,0:0:0:0:
298,192,150836,1,6,0:0:0:0:
213,192,151039,1,6,0:0:0:0:
42,192,151174,1,2,0:0:0:0:
469,192,151174,1,4,0:0:0:0:
128,192,151444,1,8,0:0:0:0:
213,192,151714,1,2,0:0:0:0:
469,192,151984,1,12,0:0:0:0:
384,192,152119,1,6,0:0:0:0:
42,192,152389,1,6,0:0:0:0:
128,192,152524,1,12,0:0:0:0:
469,192,152794,1,6,0:0:0:0:
298,192,153064,1,12,0:0:0:0:
42,192,153334,1,2,0:0:0:0:
384,192,153334,1,4,0:0:0:0:
128,192,153604,1,10,0:0:0:0:
213,192,153874,1,6,0:0:0:0:
469,192,154144,1,8,0:0:0:0:
384,192,154414,1,6,0:0:0:0:
298,192,154684,1,14,0:0:0:0:
213,192,154954,1,6,0:0:0:0:
128,192,155224,1,6,0:0:0:0:
42,192,155494,1,2,0:0:0:0:
469,192,155494,1,4,0:0:0:0:
384,192,155764,1,8,0:0:0:0:
128,192,156034,1,2,0:0:0:0:
213,192,156304,1,8,0:0:0:0:
42,192,156574,1,2,0:0:0:0:
469,192,156844,1,8,0:0:0:0:
128,192,157114,1,2,0:0:0:0:
384,192,157384,1,8,0:0:0:0:
213,192,157654,1,2,0:0:0:0:
298,192,157654,1,4,0:0:0:0:
128,192,157924,1,8,0:0:0:0:
42,192,158194,1,2,0:0:0:0:
384,192,158464,1,8,0:0:0:0:
469,192,158734,1,2,0:0:0:0:
42,192,159004,1,12,0:0:0:0:
128,192,159274,1,6,0:0:0:0:
213,192,159477,1,6,0:0:0:0:
298,192,159679,1,6,0:0:0:0:
42,192,159814,1,2,0:0:0:0:
469,192,159814,1,4,0:0:0:0:
384,192,160084,1,8,0:0:0:0:
298,192,160354,1,2,0:0:0:0:
128,192,160624,1,12,0:0:0:0:
213,192,160759,1,6,0:0:0:0:
384,192,161029,1,2,0:0:0:0:
298,192,161164,1,12,0:0:0:0:
42,192,161434,1,6,0:0:0:0:
128,192,161704,1,12,0:0:0:0:
213,192,161974,1,2,0:0:0:0:
469,192,161974,1,4,0:0:0:0:
384,192,162244,1,8,0:0:0:0:
298,192,162514,1,6,0:0:0:0:
42,192,162784,1,10,0:0:0:0:
213,192,163054,1,6,0:0:0:0:
128,192,163324,1,6,0:0:0:0:
469,192,163594,1,6,0:0:0:0:
384,192,163864,1,6,0:0:0:0:
42,192,164134,1,2,0:0:0:0:
128,192,164134,1,4,0:0:0:0:
213,192,164404,1,8,0:0:0:0:
469,192,164674,1,2,0:0:0:0:
384,192,164944,1,8,0:0:0:0:
42,192,165214,1,2,0:0:0:0:
128,192,165484,1,8,0:0:0:0:
213,192,165754,1,2,0:0:0:0:
298,192,166024,1,8,0:0:0:0:
384,192,166294,1,2,0:0:0:0:
469,192,166564,1,8,0:0:0:0:
213,192,166834,1,2,0:0:0:0:
128,192,167104,1,8,0:0:0:0:
42,192,167374,1,2,0:0:0:0:
298,192,167644,1,8,0:0:0:0:
384,192,167914,1,2,0:0:0:0:
469,192,168184,1,8,0:0:0:0:
42,192,168454,1,2,0:0:0:0:
298,192,168724,1,8,0:0:0:0:
128,192,168994,1,2,0:0:0:0:
469,192,169264,1,8,0:0:0:0:
213,192,169534,1,2,0:0:0:0:
384,192,169804,1,8,0:0:0:0:
128,192,170074,1,2,0:0:0:0:
42,192,170344,1,8,0:0:0:0:
213,192,170614,1,2,0:0:0:0:
128,192,170884,1,8,0:0:0:0:
298,192,171154,1,2,0:0:0:0:
213,192,171424,1,8,0:0:0:0:
384,192,171694,1,2,0:0:0:0:
42,192,171964,1,8,0:0:0:0:
128,192,171964,1,4,0:0:0:0:
213,192,172234,1,4,0:0:0:0:
298,192,172234,1,2,0:0:0:0:
384,192,172504,1,2,0:0:0:0:
469,192,172504,1,4,0:0:0:0:
42,192,172774,1,2,0:0:0:0:
128,192,172774,1,4,0:0:0:0:
213,192,173044,1,8,0:0:0:0:
469,192,173314,1,2,0:0:0:0:
384,192,173584,1,8,0:0:0:0:
42,192,173854,1,2,0:0:0:0:
128,192,174124,1,8,0:0:0:0:
469,192,174394,1,2,0:0:0:0:
42,192,174664,1,8,0:0:0:0:
384,192,174934,1,2,0:0:0:0:
128,192,175204,1,8,0:0:0:0:
298,192,175474,1,2,0:0:0:0:
213,192,175744,1,8,0:0:0:0:
384,192,176014,1,2,0:0:0:0:
469,192,176284,1,8,0:0:0:0:
298,192,176554,1,2,0:0:0:0:
384,192,176824,1,8,0:0:0:0:
213,192,177094,1,2,0:0:0:0:
298,192,177364,1,8,0:0:0:0:
128,192,177634,1,2,0:0:0:0:
213,192,177904,1,8,0:0:0:0:
42,192,178174,1,2,0:0:0:0:
128,192,178444,1,8,0:0:0:0:
469,192,178714,1,2,0:0:0:0:
384,192,178984,1,8,0:0:0:0:
298,192,179254,1,2,0:0:0:0:
213,192,179524,1,10,0:0:0:0:
128,192,179794,1,2,0:0:0:0:
42,192,180064,1,10,0:0:0:0:
384,192,180334,1,2,0:0:0:0:
469,192,180334,1,4,0:0:0:0:
42,192,180604,1,4,0:0:0:0:
128,192,180604,1,2,0:0:0:0:
213,192,180874,1,4,0:0:0:0:
298,192,180874,1,2,0:0:0:0:
42,192,181144,1,2,0:0:0:0:
469,192,181144,1,4,0:0:0:0:
213,192,181414,1,2,0:0:0:0:
298,192,181414,1,4,0:0:0:0:
128,192,181684,1,8,0:0:0:0:
42,192,181954,1,2,0:0:0:0:
384,192,182224,1,8,0:0:0:0:
469,192,182494,1,2,0:0:0:0:
42,192,182764,1,8,0:0:0:0:
128,192,183034,1,2,0:0:0:0:
213,192,183304,1,8,0:0:0:0:
469,192,183574,1,2,0:0:0:0:
384,192,183844,1,8,0:0:0:0:
298,192,184114,1,2,0:0:0:0:
42,192,184384,1,8,0:0:0:0:
469,192,184654,1,2,0:0:0:0:
128,192,184924,1,8,0:0:0:0:
384,192,185194,1,2,0:0:0:0:
298,192,185464,1,8,0:0:0:0:
469,192,185734,1,2,0:0:0:0:
128,192,186004,1,8,0:0:0:0:
42,192,186274,1,2,0:0:0:0:
213,192,186544,1,8,0:0:0:0:
128,192,186814,1,2,0:0:0:0:
298,192,187084,1,8,0:0:0:0:
213,192,187354,1,2,0:0:0:0:
384,192,187624,1,8,0:0:0:0:
298,192,187894,1,2,0:0:0:0:
469,192,188164,1,8,0:0:0:0:
384,192,188434,1,2,0:0:0:0:
42,192,188704,1,8,0:0:0:0:
128,192,188974,1,2,0:0:0:0:
384,192,189244,1,2,0:0:0:0:
469,192,189244,1,4,0:0:0:0:
213,192,189514,1,2,0:0:0:0:
298,192,189514,1,4,0:0:0:0:
42,192,189784,1,2,0:0:0:0:
128,192,189784,1,4,0:0:0:0:
384,192,190054,1,2,0:0:0:0:
469,192,190054,1,4,0:0:0:0:
298,192,190324,1,8,0:0:0:0:
42,192,190594,1,2,0:0:0:0:
128,192,190864,1,8,0:0:0:0:
469,192,191134,1,2,0:0:0:0:
384,192,191404,1,8,0:0:0:0:
42,192,191674,1,2,0:0:0:0:
128,192,191944,1,8,0:0:0:0:
469,192,192214,1,2,0:0:0:0:
213,192,192484,1,8,0:0:0:0:
384,192,192754,1,2,0:0:0:0:
128,192,193024,1,8,0:0:0:0:
298,192,193294,1,2,0:0:0:0:
42,192,193564,1,8,0:0:0:0:
469,192,193834,1,2,0:0:0:0:
128,192,194104,1,8,0:0:0:0:
384,192,194374,1,2,0:0:0:0:
469,192,194644,1,8,0:0:0:0:
298,192,194914,1,0,0:0:0:0:
384,192,195184,1,8,0:0:0:0:
213,192,195454,1,4,0:0:0:0:
298,192,195724,1,8,0:0:0:0:
128,192,195994,1,4,0:0:0:0:
213,192,196264,1,10,0:0:0:0:
42,192,196534,128,4,198694:0:0:0:0:
469,192,196534,1,2,0:0:0:0:
384,192,197074,1,6,0:0:0:0:
213,192,197614,1,6,0:0:0:0:
128,192,198154,1,6,0:0:0:0:
213,192,198694,1,4,0:0:0:0:
298,192,198694,128,2,200854:0:0:0:0:
384,192,199234,1,6,0:0:0:0:
469,192,199774,1,6,0:0:0:0:
128,192,200314,1,6,0:0:0:0:
42,192,200854,1,2,0:0:0:0:
469,192,200854,128,4,201394:0:0:0:0:
213,192,201394,128,0,201934:0:0:0:0:
128,192,201934,128,0,202475:0:0:0:0:
42,192,202475,128,0,203015:0:0:0:0:
384,192,203015,128,0,203555:0:0:0:0:
298,192,203555,128,0,204095:0:0:0:0:
128,192,204095,128,0,204635:0:0:0:0:
213,192,204635,128,0,205175:0:0:0:0:
384,192,205175,128,0,205715:0:0:0:0:
469,192,205715,128,0,206255:0:0:0:0:
42,192,206255,128,0,206795:0:0:0:0:
298,192,206795,128,0,207335:0:0:0:0:
213,192,207335,128,0,207875:0:0:0:0:
42,192,207875,128,0,208415:0:0:0:0:
298,192,208415,128,0,209495:0:0:0:0:
42,192,209495,1,2,0:0:0:0:
469,192,209495,1,4,0:0:0:0:
128,192,209765,1,0,0:0:0:0:
213,192,210035,1,0,0:0:0:0:
469,192,210305,1,0,0:0:0:0:
384,192,210575,128,0,211655:0:0:0:0:
42,192,211655,1,4,0:0:0:0:
128,192,211655,1,2,0:0:0:0:
213,192,211925,1,0,0:0:0:0:
469,192,212195,1,0,0:0:0:0:
384,192,212465,1,0,0:0:0:0:
128,192,212735,128,0,213815:0:0:0:0:
42,192,213815,1,2,0:0:0:0:
469,192,213815,128,4,214895:0:0:0:0:
42,192,214895,128,4,215435:0:0:0:0:
298,192,214895,1,2,0:0:0:0:
384,192,215435,128,2,215975:0:0:0:0:
469,192,215435,1,4,0:0:0:0:
128,192,215975,1,2,0:0:0:0:
213,192,215975,128,4,216515:0:0:0:0:
384,192,216515,1,4,0:0:0:0:
469,192,216515,1,2,0:0:0:0:
42,192,216785,1,2,0:0:0:0:
128,192,216785,1,4,0:0:0:0:
384,192,217055,128,0,218135:0:0:0:0:
298,192,217325,1,2,0:0:0:0:
213,192,217595,1,2,0:0:0:0:
128,192,217865,1,2,0:0:0:0:
42,192,218135,128,2,218675:0:0:0:0:
469,192,218135,1,4,0:0:0:0:
298,192,218405,1,8,0:0:0:0:
128,192,218675,128,2,219215:0:0:0:0:
384,192,218945,1,8,0:0:0:0:
469,192,219215,128,2,219755:0:0:0:0:
213,192,219485,1,8,0:0:0:0:
384,192,219755,128,2,220295:0:0:0:0:
128,192,220025,1,8,0:0:0:0:
42,192,220295,128,2,220835:0:0:0:0:
469,192,220565,1,8,0:0:0:0:
213,192,220835,128,2,221375:0:0:0:0:
384,192,221105,1,8,0:0:0:0:
469,192,221375,128,2,221915:0:0:0:0:
128,192,221645,1,8,0:0:0:0:
298,192,221915,128,2,222455:0:0:0:0:
42,192,222185,1,10,0:0:0:0:
384,192,222455,128,2,222995:0:0:0:0:
213,192,222725,1,8,0:0:0:0:
128,192,222995,128,2,223535:0:0:0:0:
298,192,223265,1,8,0:0:0:0:
469,192,223535,128,0,224075:0:0:0:0:
42,192,223805,1,8,0:0:0:0:
213,192,224075,128,2,224615:0:0:0:0:
298,192,224345,1,8,0:0:0:0:
384,192,224615,128,2,225155:0:0:0:0:
42,192,224885,1,8,0:0:0:0:
298,192,225155,128,2,225695:0:0:0:0:
213,192,225425,1,8,0:0:0:0:
42,192,225695,128,2,226775:0:0:0:0:
128,192,225965,1,6,0:0:0:0:
384,192,226235,1,6,0:0:0:0:
213,192,226505,1,6,0:0:0:0:
128,192,226775,1,4,0:0:0:0:
469,192,226775,128,2,227045:0:0:0:0:
384,192,227045,128,8,227315:0:0:0:0:
298,192,227315,128,2,227585:0:0:0:0:
42,192,227585,128,8,227855:0:0:0:0:
128,192,227855,128,2,228935:0:0:0:0:
384,192,228125,1,8,0:0:0:0:
298,192,228395,1,2,0:0:0:0:
213,192,228665,1,8,0:0:0:0:
469,192,228935,128,2,229205:0:0:0:0:
384,192,229205,128,8,229475:0:0:0:0:
42,192,229475,128,2,229745:0:0:0:0:
128,192,229745,128,8,230015:0:0:0:0:
213,192,230015,128,2,230285:0:0:0:0:
469,192,230285,128,8,230555:0:0:0:0:
384,192,230555,128,2,230825:0:0:0:0:
298,192,230825,128,8,231095:0:0:0:0:
42,192,231095,1,2,0:0:0:0:
213,192,231365,1,8,0:0:0:0:
469,192,231635,1,2,0:0:0:0:
298,192,231905,1,8,0:0:0:0:
42,192,232175,1,0,0:0:0:0:
128,192,232445,1,8,0:0:0:0:
469,192,232715,1,2,0:0:0:0:
384,192,232985,1,8,0:0:0:0:
213,192,233255,1,2,0:0:0:0:
298,192,233525,1,8,0:0:0:0:
128,192,233795,1,2,0:0:0:0:
213,192,234065,1,8,0:0:0:0:
42,192,234335,1,4,0:0:0:0:
469,192,234335,1,2,0:0:0:0:
298,192,234605,1,4,0:0:0:0:
384,192,234605,1,8,0:0:0:0:
128,192,234875,1,4,0:0:0:0:
213,192,234875,1,2,0:0:0:0:
42,192,235145,1,4,0:0:0:0:
469,192,235145,1,2,0:0:0:0:
128,192,235415,1,4,0:0:0:0:
384,192,235415,128,2,235955:0:0:0:0:
298,192,235685,1,8,0:0:0:0:
469,192,235955,128,2,236495:0:0:0:0:
128,192,236225,1,8,0:0:0:0:
42,192,236495,128,2,237035:0:0:0:0:
298,192,236765,1,8,0:0:0:0:
128,192,237035,128,2,237575:0:0:0:0:
384,192,237305,1,8,0:0:0:0:
469,192,237575,128,2,238115:0:0:0:0:
42,192,237845,1,8,0:0:0:0:
298,192,238115,128,2,238655:0:0:0:0:
128,192,238385,1,8,0:0:0:0:
42,192,238655,128,2,239195:0:0:0:0:
384,192,238925,1,8,0:0:0:0:
213,192,239195,128,2,239735:0:0:0:0:
298,192,239465,1,8,0:0:0:0:
469,192,239735,128,2,240275:0:0:0:0:
128,192,240005,1,8,0:0:0:0:
384,192,240275,128,2,240815:0:0:0:0:
213,192,240545,1,8,0:0:0:0:
298,192,240815,128,0,241355:0:0:0:0:
128,192,241085,1,8,0:0:0:0:
42,192,241355,128,2,241895:0:0:0:0:
384,192,241625,1,8,0:0:0:0:
128,192,241895,128,2,242435:0:0:0:0:
298,192,242165,1,8,0:0:0:0:
213,192,242435,128,2,242975:0:0:0:0:
384,192,242705,1,8,0:0:0:0:
469,192,242975,128,2,244055:0:0:0:0:
128,192,243245,1,6,0:0:0:0:
298,192,243515,1,6,0:0:0:0:
213,192,243785,1,6,0:0:0:0:
42,192,244055,128,2,244325:0:0:0:0:
384,192,244055,1,4,0:0:0:0:
128,192,244325,128,8,244595:0:0:0:0:
213,192,244595,128,2,244865:0:0:0:0:
469,192,244865,128,8,245135:0:0:0:0:
384,192,245135,128,2,246215:0:0:0:0:
128,192,245405,1,8,0:0:0:0:
213,192,245675,1,2,0:0:0:0:
298,192,245945,1,8,0:0:0:0:
42,192,246215,128,2,246485:0:0:0:0:
128,192,246485,128,8,246755:0:0:0:0:
469,192,246755,128,2,247025:0:0:0:0:
384,192,247025,128,8,247295:0:0:0:0:
298,192,247295,128,2,247565:0:0:0:0:
42,192,247565,128,8,247835:0:0:0:0:
128,192,247835,128,2,248105:0:0:0:0:
213,192,248105,128,8,248375:0:0:0:0:
469,192,248375,1,2,0:0:0:0:
298,192,248645,1,8,0:0:0:0:
42,192,248915,1,2,0:0:0:0:
128,192,249185,1,8,0:0:0:0:
469,192,249455,1,0,0:0:0:0:
384,192,249725,1,8,0:0:0:0:
42,192,249995,1,2,0:0:0:0:
213,192,250265,1,8,0:0:0:0:
298,192,250535,1,2,0:0:0:0:
128,192,250805,1,8,0:0:0:0:
469,192,251075,1,0,0:0:0:0:
298,192,251345,1,8,0:0:0:0:
42,192,251615,1,2,0:0:0:0:
469,192,251615,1,0,0:0:0:0:
128,192,251885,1,2,0:0:0:0:
213,192,251885,1,0,0:0:0:0:
298,192,252155,1,2,0:0:0:0:
384,192,252155,1,0,0:0:0:0:
42,192,252425,1,2,0:0:0:0:
469,192,252425,1,0,0:0:0:0:
213,192,252695,1,2,0:0:0:0:
298,192,252695,1,4,0:0:0:0:
128,192,252965,1,2,0:0:0:0:
42,192,253235,1,2,0:0:0:0:
469,192,253235,1,4,0:0:0:0:
298,192,253505,1,2,0:0:0:0:
42,192,253775,1,2,0:0:0:0:
469,192,253775,1,4,0:0:0:0:
213,192,254045,1,2,0:0:0:0:
128,192,254315,1,2,0:0:0:0:
384,192,254315,1,4,0:0:0:0:
42,192,254585,1,2,0:0:0:0:
298,192,254855,1,2,0:0:0:0:
469,192,254855,1,4,0:0:0:0:
128,192,255125,1,2,0:0:0:0:
42,192,255395,1,2,0:0:0:0:
469,192,255395,1,4,0:0:0:0:
213,192,255665,1,2,0:0:0:0:
128,192,255935,1,2,0:0:0:0:
384,192,255935,1,4,0:0:0:0:
42,192,256205,1,2,0:0:0:0:
298,192,256475,1,4,0:0:0:0:
469,192,256475,1,2,0:0:0:0:
213,192,256745,1,2,0:0:0:0:
42,192,257015,128,2,261335:0:0:0:0:
469,192,257015,128,4,261335:0:0:0:0:
