osu file format v14

[General]
AudioFilename: Disconnected (Trance Mix).ogg
AudioLeadIn: 2
PreviewTime: 38919
Countdown: 0
SampleSet: Soft
StackLeniency: 0.7
Mode: 3
LetterboxInBreaks: 0
SpecialStyle: 0
WidescreenStoryboard: 0

[Editor]
DistanceSpacing: 0.8
BeatDivisor: 4
GridSize: 8
TimelineZoom: 1

[Metadata]
Title:Disconnected Trance
TitleUnicode:Disconnected Trance
Artist:DJ Banzai
ArtistUnicode:DJ Banzai
Creator:Ashlili
Version:Insane
Source:Hard Songs Megapack Volume 12
Tags:Stepmania
BeatmapID:1584782
BeatmapSetID:752771

[Difficulty]
HPDrainRate:7
CircleSize:4
OverallDifficulty:7
ApproachRate:10
SliderMultiplier:1.4
SliderTickRate:1

[Events]
//Background and Video events
0,0,"background.jpg",0,0
//Break Periods
//Storyboard Layer 0 (Background)
//Storyboard Layer 1 (Fail)
//Storyboard Layer 2 (Pass)
//Storyboard Layer 3 (Foreground)
//Storyboard Sound Samples

[TimingPoints]
0,405.4054,4,2,0,10,1,0


[HitObjects]
320,192,0,5,0,0:0:0:0:
448,192,0,1,0,0:0:0:0:
64,192,101,1,0,0:0:0:0:
320,192,202,1,0,0:0:0:0:
192,192,304,1,0,0:0:0:0:
320,192,405,1,0,0:0:0:0:
448,192,405,1,0,0:0:0:0:
192,192,506,1,0,0:0:0:0:
64,192,608,1,0,0:0:0:0:
320,192,709,1,0,0:0:0:0:
192,192,810,1,0,0:0:0:0:
448,192,810,1,0,0:0:0:0:
64,192,912,1,0,0:0:0:0:
192,192,1013,1,0,0:0:0:0:
448,192,1013,1,0,0:0:0:0:
320,192,1114,1,0,0:0:0:0:
64,192,1216,1,0,0:0:0:0:
192,192,1317,1,0,0:0:0:0:
320,192,1418,1,0,0:0:0:0:
448,192,1418,1,0,0:0:0:0:
192,192,1520,1,0,0:0:0:0:
64,192,1621,1,0,0:0:0:0:
320,192,1722,1,0,0:0:0:0:
192,192,1824,1,0,0:0:0:0:
448,192,1925,1,0,0:0:0:0:
64,192,2027,1,0,0:0:0:0:
320,192,2128,1,0,0:0:0:0:
192,192,2229,1,0,0:0:0:0:
320,192,2331,1,0,0:0:0:0:
64,192,2432,1,0,0:0:0:0:
192,192,2432,1,0,0:0:0:0:
448,192,2432,1,0,0:0:0:0:
320,192,2533,1,0,0:0:0:0:
192,192,2635,1,0,0:0:0:0:
448,192,2736,1,0,0:0:0:0:
64,192,2837,1,0,0:0:0:0:
320,192,2939,1,0,0:0:0:0:
192,192,3040,1,0,0:0:0:0:
320,192,3141,1,0,0:0:0:0:
192,192,3243,1,0,0:0:0:0:
448,192,3243,1,0,0:0:0:0:
320,192,3344,1,0,0:0:0:0:
192,192,3445,1,0,0:0:0:0:
64,192,3547,1,0,0:0:0:0:
320,192,3648,1,0,0:0:0:0:
448,192,3648,1,0,0:0:0:0:
64,192,3749,1,0,0:0:0:0:
192,192,3851,1,0,0:0:0:0:
320,192,3952,1,0,0:0:0:0:
192,192,4054,1,0,0:0:0:0:
448,192,4054,1,0,0:0:0:0:
320,192,4155,1,0,0:0:0:0:
192,192,4256,1,0,0:0:0:0:
448,192,4256,1,0,0:0:0:0:
320,192,4358,1,0,0:0:0:0:
192,192,4459,1,0,0:0:0:0:
64,192,4560,1,0,0:0:0:0:
320,192,4662,1,0,0:0:0:0:
448,192,4662,1,0,0:0:0:0:
64,192,4763,1,0,0:0:0:0:
192,192,4864,1,0,0:0:0:0:
320,192,4966,1,0,0:0:0:0:
448,192,5067,1,0,0:0:0:0:
192,192,5168,1,0,0:0:0:0:
64,192,5270,1,0,0:0:0:0:
448,192,5371,1,0,0:0:0:0:
320,192,5472,1,0,0:0:0:0:
192,192,5574,1,0,0:0:0:0:
64,192,5675,1,0,0:0:0:0:
320,192,5675,1,0,0:0:0:0:
448,192,5675,1,0,0:0:0:0:
192,192,5777,1,0,0:0:0:0:
320,192,5878,1,0,0:0:0:0:
192,192,5979,1,0,0:0:0:0:
320,192,6081,1,0,0:0:0:0:
192,192,6182,1,0,0:0:0:0:
448,192,6283,1,0,0:0:0:0:
64,192,6385,1,0,0:0:0:0:
320,192,6486,1,0,0:0:0:0:
448,192,6486,1,0,0:0:0:0:
64,192,6587,1,0,0:0:0:0:
320,192,6689,1,0,0:0:0:0:
192,192,6790,1,0,0:0:0:0:
320,192,6891,1,0,0:0:0:0:
448,192,6891,1,0,0:0:0:0:
64,192,6993,1,0,0:0:0:0:
192,192,7094,1,0,0:0:0:0:
320,192,7195,1,0,0:0:0:0:
64,192,7297,1,0,0:0:0:0:
448,192,7297,1,0,0:0:0:0:
320,192,7398,1,0,0:0:0:0:
64,192,7500,1,0,0:0:0:0:
448,192,7500,1,0,0:0:0:0:
320,192,7601,1,0,0:0:0:0:
192,192,7702,1,0,0:0:0:0:
64,192,7804,1,0,0:0:0:0:
320,192,7905,1,0,0:0:0:0:
448,192,7905,1,0,0:0:0:0:
192,192,8006,1,0,0:0:0:0:
64,192,8108,1,0,0:0:0:0:
320,192,8209,1,0,0:0:0:0:
192,192,8310,1,0,0:0:0:0:
64,192,8412,1,0,0:0:0:0:
192,192,8513,1,0,0:0:0:0:
320,192,8614,1,0,0:0:0:0:
192,192,8716,1,0,0:0:0:0:
320,192,8817,1,0,0:0:0:0:
64,192,8918,1,0,0:0:0:0:
192,192,8918,1,0,0:0:0:0:
448,192,8918,1,0,0:0:0:0:
320,192,9020,1,0,0:0:0:0:
192,192,9121,1,0,0:0:0:0:
64,192,9222,1,0,0:0:0:0:
448,192,9324,1,0,0:0:0:0:
192,192,9425,1,0,0:0:0:0:
320,192,9527,1,0,0:0:0:0:
64,192,9628,1,0,0:0:0:0:
192,192,9729,1,0,0:0:0:0:
320,192,9729,1,0,0:0:0:0:
448,192,9729,1,0,0:0:0:0:
64,192,9831,1,0,0:0:0:0:
320,192,9932,1,0,0:0:0:0:
192,192,10033,1,0,0:0:0:0:
320,192,10135,1,0,0:0:0:0:
448,192,10135,1,0,0:0:0:0:
64,192,10236,1,0,0:0:0:0:
192,192,10337,1,0,0:0:0:0:
320,192,10439,1,0,0:0:0:0:
192,192,10540,1,0,0:0:0:0:
448,192,10540,1,0,0:0:0:0:
320,192,10641,1,0,0:0:0:0:
192,192,10743,1,0,0:0:0:0:
448,192,10743,1,0,0:0:0:0:
320,192,10844,1,0,0:0:0:0:
64,192,10945,1,0,0:0:0:0:
192,192,11047,1,0,0:0:0:0:
320,192,11148,1,0,0:0:0:0:
448,192,11148,1,0,0:0:0:0:
192,192,11250,1,0,0:0:0:0:
64,192,11351,1,0,0:0:0:0:
320,192,11452,1,0,0:0:0:0:
192,192,11554,1,0,0:0:0:0:
448,192,11655,1,0,0:0:0:0:
192,192,11756,1,0,0:0:0:0:
320,192,11858,1,0,0:0:0:0:
192,192,11959,1,0,0:0:0:0:
64,192,12060,1,0,0:0:0:0:
192,192,12162,1,0,0:0:0:0:
320,192,12162,1,0,0:0:0:0:
448,192,12162,1,0,0:0:0:0:
64,192,12263,1,0,0:0:0:0:
320,192,12364,1,0,0:0:0:0:
64,192,12466,1,0,0:0:0:0:
448,192,12567,1,0,0:0:0:0:
64,192,12668,1,0,0:0:0:0:
320,192,12770,1,0,0:0:0:0:
448,192,12770,1,0,0:0:0:0:
192,192,12871,1,0,0:0:0:0:
64,192,12972,1,0,0:0:0:0:
192,192,13023,1,0,0:0:0:0:
320,192,13074,1,0,0:0:0:0:
448,192,13125,1,0,0:0:0:0:
64,192,13175,1,0,0:0:0:0:
320,192,13226,1,0,0:0:0:0:
192,192,13277,1,0,0:0:0:0:
448,192,13327,1,0,0:0:0:0:
320,192,13378,1,0,0:0:0:0:
192,192,13429,1,0,0:0:0:0:
64,192,13479,1,0,0:0:0:0:
320,192,13530,1,0,0:0:0:0:
448,192,13581,1,0,0:0:0:0:
64,192,13631,1,0,0:0:0:0:
192,192,13682,1,0,0:0:0:0:
320,192,13733,1,0,0:0:0:0:
448,192,13783,1,0,0:0:0:0:
64,192,13834,1,0,0:0:0:0:
192,192,13885,1,0,0:0:0:0:
64,192,13935,1,0,0:0:0:0:
448,192,13986,1,0,0:0:0:0:
320,192,14037,1,0,0:0:0:0:
192,192,14087,1,0,0:0:0:0:
64,192,14138,1,0,0:0:0:0:
448,192,14189,1,0,0:0:0:0:
192,192,14239,1,0,0:0:0:0:
320,192,14290,1,0,0:0:0:0:
192,192,14341,1,0,0:0:0:0:
64,192,14391,1,0,0:0:0:0:
448,192,14442,1,0,0:0:0:0:
192,192,14493,1,0,0:0:0:0:
320,192,14543,1,0,0:0:0:0:
64,192,14594,1,0,0:0:0:0:
192,192,14645,1,0,0:0:0:0:
320,192,14695,1,0,0:0:0:0:
448,192,14746,1,0,0:0:0:0:
64,192,14797,1,0,0:0:0:0:
192,192,14847,1,0,0:0:0:0:
320,192,14898,1,0,0:0:0:0:
448,192,14949,1,0,0:0:0:0:
64,192,15000,1,0,0:0:0:0:
192,192,15050,1,0,0:0:0:0:
448,192,15101,1,0,0:0:0:0:
320,192,15152,1,0,0:0:0:0:
192,192,15202,1,0,0:0:0:0:
320,192,15253,1,0,0:0:0:0:
64,192,15304,1,0,0:0:0:0:
192,192,15354,1,0,0:0:0:0:
320,192,15405,1,0,0:0:0:0:
64,192,15456,1,0,0:0:0:0:
192,192,15506,1,0,0:0:0:0:
320,192,15557,1,0,0:0:0:0:
64,192,15608,1,0,0:0:0:0:
320,192,15658,1,0,0:0:0:0:
192,192,15709,1,0,0:0:0:0:
448,192,15760,1,0,0:0:0:0:
320,192,15810,1,0,0:0:0:0:
192,192,15912,1,0,0:0:0:0:
320,192,16013,1,0,0:0:0:0:
448,192,16013,1,0,0:0:0:0:
192,192,16114,1,0,0:0:0:0:
64,192,16216,1,0,0:0:0:0:
320,192,16266,1,0,0:0:0:0:
192,192,16317,1,0,0:0:0:0:
448,192,16368,1,0,0:0:0:0:
320,192,16418,1,0,0:0:0:0:
192,192,16469,1,0,0:0:0:0:
64,192,16520,1,0,0:0:0:0:
320,192,16570,1,0,0:0:0:0:
448,192,16621,1,0,0:0:0:0:
192,192,16672,1,0,0:0:0:0:
320,192,16722,1,0,0:0:0:0:
192,192,16773,1,0,0:0:0:0:
64,192,16824,1,0,0:0:0:0:
448,192,16875,1,0,0:0:0:0:
192,192,16925,1,0,0:0:0:0:
320,192,16976,1,0,0:0:0:0:
64,192,17027,1,0,0:0:0:0:
192,192,17077,1,0,0:0:0:0:
320,192,17128,1,0,0:0:0:0:
448,192,17179,1,0,0:0:0:0:
192,192,17229,1,0,0:0:0:0:
320,192,17280,1,0,0:0:0:0:
64,192,17331,1,0,0:0:0:0:
192,192,17381,1,0,0:0:0:0:
448,192,17432,1,0,0:0:0:0:
320,192,17483,1,0,0:0:0:0:
192,192,17533,1,0,0:0:0:0:
64,192,17584,1,0,0:0:0:0:
448,192,17635,1,0,0:0:0:0:
192,192,17685,1,0,0:0:0:0:
320,192,17736,1,0,0:0:0:0:
64,192,17787,1,0,0:0:0:0:
192,192,17837,1,0,0:0:0:0:
320,192,17888,1,0,0:0:0:0:
64,192,17939,1,0,0:0:0:0:
192,192,17989,1,0,0:0:0:0:
320,192,18040,1,0,0:0:0:0:
448,192,18091,1,0,0:0:0:0:
64,192,18141,1,0,0:0:0:0:
320,192,18192,1,0,0:0:0:0:
192,192,18243,1,0,0:0:0:0:
64,192,18293,1,0,0:0:0:0:
320,192,18344,1,0,0:0:0:0:
192,192,18395,1,0,0:0:0:0:
448,192,18445,1,0,0:0:0:0:
320,192,18496,1,0,0:0:0:0:
192,192,18547,1,0,0:0:0:0:
64,192,18598,1,0,0:0:0:0:
320,192,18648,1,0,0:0:0:0:
192,192,18699,1,0,0:0:0:0:
64,192,18750,1,0,0:0:0:0:
320,192,18800,1,0,0:0:0:0:
192,192,18851,1,0,0:0:0:0:
448,192,18902,1,0,0:0:0:0:
64,192,18952,1,0,0:0:0:0:
192,192,19003,1,0,0:0:0:0:
320,192,19054,1,0,0:0:0:0:
192,192,19155,1,0,0:0:0:0:
64,192,19256,1,0,0:0:0:0:
320,192,19256,1,0,0:0:0:0:
192,192,19358,1,0,0:0:0:0:
320,192,19459,1,0,0:0:0:0:
192,192,19510,1,0,0:0:0:0:
64,192,19560,1,0,0:0:0:0:
320,192,19611,1,0,0:0:0:0:
448,192,19662,1,0,0:0:0:0:
64,192,19712,1,0,0:0:0:0:
192,192,19763,1,0,0:0:0:0:
320,192,19814,1,0,0:0:0:0:
448,192,19864,1,0,0:0:0:0:
320,192,19915,1,0,0:0:0:0:
192,192,19966,1,0,0:0:0:0:
64,192,20016,1,0,0:0:0:0:
448,192,20067,1,0,0:0:0:0:
192,192,20118,1,0,0:0:0:0:
320,192,20168,1,0,0:0:0:0:
64,192,20219,1,0,0:0:0:0:
192,192,20270,1,0,0:0:0:0:
320,192,20320,1,0,0:0:0:0:
448,192,20371,1,0,0:0:0:0:
192,192,20422,1,0,0:0:0:0:
64,192,20473,1,0,0:0:0:0:
320,192,20523,1,0,0:0:0:0:
192,192,20574,1,0,0:0:0:0:
448,192,20625,1,0,0:0:0:0:
320,192,20675,1,0,0:0:0:0:
64,192,20726,1,0,0:0:0:0:
192,192,20777,1,0,0:0:0:0:
320,192,20827,1,0,0:0:0:0:
192,192,20878,1,0,0:0:0:0:
448,192,20929,1,0,0:0:0:0:
320,192,20979,1,0,0:0:0:0:
64,192,21030,1,0,0:0:0:0:
192,192,21081,1,0,0:0:0:0:
320,192,21131,1,0,0:0:0:0:
64,192,21182,1,0,0:0:0:0:
192,192,21233,1,0,0:0:0:0:
320,192,21283,1,0,0:0:0:0:
448,192,21334,1,0,0:0:0:0:
64,192,21385,1,0,0:0:0:0:
320,192,21435,1,0,0:0:0:0:
192,192,21486,1,0,0:0:0:0:
64,192,21537,1,0,0:0:0:0:
320,192,21587,1,0,0:0:0:0:
192,192,21638,1,0,0:0:0:0:
448,192,21689,1,0,0:0:0:0:
320,192,21739,1,0,0:0:0:0:
192,192,21790,1,0,0:0:0:0:
64,192,21841,1,0,0:0:0:0:
320,192,21891,1,0,0:0:0:0:
192,192,21942,1,0,0:0:0:0:
64,192,21993,1,0,0:0:0:0:
320,192,22043,1,0,0:0:0:0:
448,192,22094,1,0,0:0:0:0:
64,192,22145,1,0,0:0:0:0:
192,192,22195,1,0,0:0:0:0:
320,192,22246,1,0,0:0:0:0:
448,192,22297,1,0,0:0:0:0:
320,192,22398,1,0,0:0:0:0:
64,192,22500,1,0,0:0:0:0:
192,192,22500,1,0,0:0:0:0:
320,192,22601,1,0,0:0:0:0:
448,192,22702,1,0,0:0:0:0:
192,192,22753,1,0,0:0:0:0:
64,192,22804,1,0,0:0:0:0:
320,192,22854,1,0,0:0:0:0:
192,192,22905,1,0,0:0:0:0:
448,192,22956,1,0,0:0:0:0:
320,192,23006,1,0,0:0:0:0:
192,192,23057,1,0,0:0:0:0:
64,192,23108,1,0,0:0:0:0:
192,192,23158,1,0,0:0:0:0:
320,192,23209,1,0,0:0:0:0:
448,192,23260,1,0,0:0:0:0:
192,192,23310,1,0,0:0:0:0:
320,192,23361,1,0,0:0:0:0:
64,192,23412,1,0,0:0:0:0:
192,192,23462,1,0,0:0:0:0:
448,192,23513,1,0,0:0:0:0:
320,192,23564,1,0,0:0:0:0:
192,192,23614,1,0,0:0:0:0:
64,192,23665,1,0,0:0:0:0:
320,192,23716,1,0,0:0:0:0:
192,192,23766,1,0,0:0:0:0:
320,192,23817,1,0,0:0:0:0:
64,192,23868,1,0,0:0:0:0:
448,192,23918,1,0,0:0:0:0:
320,192,23969,1,0,0:0:0:0:
192,192,24020,1,0,0:0:0:0:
64,192,24070,1,0,0:0:0:0:
448,192,24121,1,0,0:0:0:0:
320,192,24172,1,0,0:0:0:0:
192,192,24223,1,0,0:0:0:0:
64,192,24273,1,0,0:0:0:0:
448,192,24324,1,0,0:0:0:0:
320,192,24375,1,0,0:0:0:0:
192,192,24425,1,0,0:0:0:0:
64,192,24476,1,0,0:0:0:0:
320,192,24527,1,0,0:0:0:0:
448,192,24577,1,0,0:0:0:0:
192,192,24628,1,0,0:0:0:0:
64,192,24679,1,0,0:0:0:0:
320,192,24729,1,0,0:0:0:0:
192,192,24780,1,0,0:0:0:0:
64,192,24831,1,0,0:0:0:0:
448,192,24881,1,0,0:0:0:0:
320,192,24932,1,0,0:0:0:0:
192,192,24983,1,0,0:0:0:0:
64,192,25033,1,0,0:0:0:0:
320,192,25084,1,0,0:0:0:0:
448,192,25135,1,0,0:0:0:0:
64,192,25185,1,0,0:0:0:0:
320,192,25236,1,0,0:0:0:0:
192,192,25287,1,0,0:0:0:0:
448,192,25337,1,0,0:0:0:0:
64,192,25388,1,0,0:0:0:0:
320,192,25439,1,0,0:0:0:0:
192,192,25489,1,0,0:0:0:0:
64,192,25540,1,0,0:0:0:0:
448,192,25641,1,0,0:0:0:0:
192,192,25743,1,0,0:0:0:0:
320,192,25743,1,0,0:0:0:0:
448,192,25844,1,0,0:0:0:0:
320,192,25945,1,0,0:0:0:0:
192,192,25996,1,0,0:0:0:0:
448,192,26047,1,0,0:0:0:0:
64,192,26098,1,0,0:0:0:0:
192,192,26148,1,0,0:0:0:0:
320,192,26199,1,0,0:0:0:0:
448,192,26250,1,0,0:0:0:0:
192,192,26300,1,0,0:0:0:0:
64,192,26351,1,0,0:0:0:0:
448,192,26402,1,0,0:0:0:0:
320,192,26452,1,0,0:0:0:0:
192,192,26503,1,0,0:0:0:0:
64,192,26554,1,0,0:0:0:0:
320,192,26604,1,0,0:0:0:0:
192,192,26655,1,0,0:0:0:0:
320,192,26706,1,0,0:0:0:0:
64,192,26756,1,0,0:0:0:0:
448,192,26807,1,0,0:0:0:0:
192,192,26858,1,0,0:0:0:0:
320,192,26908,1,0,0:0:0:0:
64,192,26959,1,0,0:0:0:0:
192,192,27010,1,0,0:0:0:0:
320,192,27060,1,0,0:0:0:0:
448,192,27111,1,0,0:0:0:0:
192,192,27162,1,0,0:0:0:0:
64,192,27212,1,0,0:0:0:0:
448,192,27263,1,0,0:0:0:0:
320,192,27314,1,0,0:0:0:0:
192,192,27364,1,0,0:0:0:0:
64,192,27415,1,0,0:0:0:0:
320,192,27466,1,0,0:0:0:0:
448,192,27516,1,0,0:0:0:0:
192,192,27567,1,0,0:0:0:0:
320,192,27618,1,0,0:0:0:0:
448,192,27668,1,0,0:0:0:0:
192,192,27719,1,0,0:0:0:0:
320,192,27770,1,0,0:0:0:0:
448,192,27820,1,0,0:0:0:0:
64,192,27871,1,0,0:0:0:0:
192,192,27922,1,0,0:0:0:0:
320,192,27973,1,0,0:0:0:0:
64,192,28023,1,0,0:0:0:0:
192,192,28074,1,0,0:0:0:0:
448,192,28125,1,0,0:0:0:0:
320,192,28175,1,0,0:0:0:0:
192,192,28226,1,0,0:0:0:0:
64,192,28277,1,0,0:0:0:0:
320,192,28327,1,0,0:0:0:0:
448,192,28378,1,0,0:0:0:0:
64,192,28429,1,0,0:0:0:0:
320,192,28479,1,0,0:0:0:0:
192,192,28530,1,0,0:0:0:0:
448,192,28581,1,0,0:0:0:0:
64,192,28631,1,0,0:0:0:0:
320,192,28682,1,0,0:0:0:0:
192,192,28733,1,0,0:0:0:0:
448,192,28783,1,0,0:0:0:0:
64,192,28885,1,0,0:0:0:0:
320,192,28986,1,0,0:0:0:0:
448,192,28986,1,0,0:0:0:0:
64,192,29087,1,0,0:0:0:0:
448,192,29189,1,0,0:0:0:0:
192,192,29239,1,0,0:0:0:0:
448,192,29290,1,0,0:0:0:0:
64,192,29341,1,0,0:0:0:0:
320,192,29391,1,0,0:0:0:0:
64,192,29442,1,0,0:0:0:0:
192,192,29493,1,0,0:0:0:0:
320,192,29543,1,0,0:0:0:0:
448,192,29594,1,0,0:0:0:0:
64,192,29645,1,0,0:0:0:0:
320,192,29695,1,0,0:0:0:0:
192,192,29746,1,0,0:0:0:0:
448,192,29797,1,0,0:0:0:0:
320,192,29848,1,0,0:0:0:0:
192,192,29898,1,0,0:0:0:0:
64,192,29949,1,0,0:0:0:0:
448,192,30000,1,0,0:0:0:0:
192,192,30050,1,0,0:0:0:0:
320,192,30101,1,0,0:0:0:0:
64,192,30152,1,0,0:0:0:0:
192,192,30202,1,0,0:0:0:0:
320,192,30253,1,0,0:0:0:0:
448,192,30304,1,0,0:0:0:0:
192,192,30354,1,0,0:0:0:0:
64,192,30405,1,0,0:0:0:0:
320,192,30456,1,0,0:0:0:0:
192,192,30506,1,0,0:0:0:0:
448,192,30557,1,0,0:0:0:0:
64,192,30608,1,0,0:0:0:0:
192,192,30658,1,0,0:0:0:0:
320,192,30709,1,0,0:0:0:0:
448,192,30760,1,0,0:0:0:0:
64,192,30810,1,0,0:0:0:0:
320,192,30861,1,0,0:0:0:0:
448,192,30912,1,0,0:0:0:0:
192,192,30962,1,0,0:0:0:0:
320,192,31013,1,0,0:0:0:0:
64,192,31064,1,0,0:0:0:0:
448,192,31114,1,0,0:0:0:0:
192,192,31165,1,0,0:0:0:0:
64,192,31216,1,0,0:0:0:0:
448,192,31266,1,0,0:0:0:0:
192,192,31317,1,0,0:0:0:0:
320,192,31368,1,0,0:0:0:0:
64,192,31418,1,0,0:0:0:0:
448,192,31469,1,0,0:0:0:0:
320,192,31520,1,0,0:0:0:0:
192,192,31571,1,0,0:0:0:0:
64,192,31621,1,0,0:0:0:0:
320,192,31672,1,0,0:0:0:0:
192,192,31723,1,0,0:0:0:0:
64,192,31773,1,0,0:0:0:0:
320,192,31824,1,0,0:0:0:0:
192,192,31875,1,0,0:0:0:0:
448,192,31925,1,0,0:0:0:0:
64,192,31976,1,0,0:0:0:0:
320,192,32027,1,0,0:0:0:0:
448,192,32128,1,0,0:0:0:0:
192,192,32229,1,0,0:0:0:0:
320,192,32331,1,0,0:0:0:0:
448,192,32432,1,0,0:0:0:0:
320,192,32483,1,0,0:0:0:0:
192,192,32533,1,0,0:0:0:0:
64,192,32584,1,0,0:0:0:0:
448,192,32635,1,0,0:0:0:0:
320,192,32685,1,0,0:0:0:0:
192,192,32736,1,0,0:0:0:0:
64,192,32787,1,0,0:0:0:0:
448,192,32837,1,0,0:0:0:0:
192,192,32888,1,0,0:0:0:0:
320,192,32939,1,0,0:0:0:0:
64,192,32989,1,0,0:0:0:0:
192,192,33040,1,0,0:0:0:0:
320,192,33091,1,0,0:0:0:0:
448,192,33141,1,0,0:0:0:0:
192,192,33192,1,0,0:0:0:0:
64,192,33243,1,0,0:0:0:0:
448,192,33293,1,0,0:0:0:0:
320,192,33344,1,0,0:0:0:0:
448,192,33395,1,0,0:0:0:0:
64,192,33446,1,0,0:0:0:0:
192,192,33496,1,0,0:0:0:0:
320,192,33547,1,0,0:0:0:0:
448,192,33598,1,0,0:0:0:0:
64,192,33648,1,0,0:0:0:0:
320,192,33699,1,0,0:0:0:0:
192,192,33750,1,0,0:0:0:0:
448,192,33800,1,0,0:0:0:0:
320,192,33851,1,0,0:0:0:0:
192,192,33902,1,0,0:0:0:0:
64,192,33952,1,0,0:0:0:0:
448,192,34003,1,0,0:0:0:0:
320,192,34054,1,0,0:0:0:0:
192,192,34104,1,0,0:0:0:0:
64,192,34155,1,0,0:0:0:0:
192,192,34206,1,0,0:0:0:0:
320,192,34256,1,0,0:0:0:0:
448,192,34307,1,0,0:0:0:0:
320,192,34358,1,0,0:0:0:0:
64,192,34408,1,0,0:0:0:0:
192,192,34459,1,0,0:0:0:0:
320,192,34510,1,0,0:0:0:0:
448,192,34560,1,0,0:0:0:0:
192,192,34611,1,0,0:0:0:0:
64,192,34662,1,0,0:0:0:0:
448,192,34712,1,0,0:0:0:0:
320,192,34763,1,0,0:0:0:0:
192,192,34814,1,0,0:0:0:0:
64,192,34864,1,0,0:0:0:0:
192,192,34915,1,0,0:0:0:0:
320,192,34966,1,0,0:0:0:0:
64,192,35016,1,0,0:0:0:0:
448,192,35067,1,0,0:0:0:0:
192,192,35118,1,0,0:0:0:0:
320,192,35168,1,0,0:0:0:0:
64,192,35219,1,0,0:0:0:0:
192,192,35270,1,0,0:0:0:0:
320,192,35371,1,0,0:0:0:0:
448,192,35473,1,0,0:0:0:0:
320,192,35574,1,0,0:0:0:0:
448,192,35675,1,0,0:0:0:0:
320,192,35726,1,0,0:0:0:0:
192,192,35777,1,0,0:0:0:0:
64,192,35827,1,0,0:0:0:0:
192,192,35878,1,0,0:0:0:0:
320,192,35929,1,0,0:0:0:0:
448,192,35979,1,0,0:0:0:0:
64,192,36030,1,0,0:0:0:0:
320,192,36081,1,0,0:0:0:0:
192,192,36131,1,0,0:0:0:0:
448,192,36182,1,0,0:0:0:0:
64,192,36233,1,0,0:0:0:0:
192,192,36283,1,0,0:0:0:0:
320,192,36334,1,0,0:0:0:0:
448,192,36385,1,0,0:0:0:0:
192,192,36435,1,0,0:0:0:0:
320,192,36486,1,0,0:0:0:0:
64,192,36537,1,0,0:0:0:0:
448,192,36587,1,0,0:0:0:0:
320,192,36638,1,0,0:0:0:0:
192,192,36689,1,0,0:0:0:0:
64,192,36739,1,0,0:0:0:0:
448,192,36790,1,0,0:0:0:0:
192,192,36841,1,0,0:0:0:0:
448,192,36891,1,0,0:0:0:0:
64,192,36942,1,0,0:0:0:0:
320,192,36993,1,0,0:0:0:0:
192,192,37043,1,0,0:0:0:0:
64,192,37094,1,0,0:0:0:0:
448,192,37145,1,0,0:0:0:0:
320,192,37196,1,0,0:0:0:0:
192,192,37246,1,0,0:0:0:0:
320,192,37297,1,0,0:0:0:0:
64,192,37348,1,0,0:0:0:0:
192,192,37398,1,0,0:0:0:0:
320,192,37449,1,0,0:0:0:0:
448,192,37500,1,0,0:0:0:0:
64,192,37550,1,0,0:0:0:0:
320,192,37601,1,0,0:0:0:0:
192,192,37652,1,0,0:0:0:0:
448,192,37702,1,0,0:0:0:0:
64,192,37753,1,0,0:0:0:0:
320,192,37804,1,0,0:0:0:0:
192,192,37854,1,0,0:0:0:0:
448,192,37905,1,0,0:0:0:0:
64,192,37956,1,0,0:0:0:0:
320,192,38006,1,0,0:0:0:0:
192,192,38057,1,0,0:0:0:0:
64,192,38108,1,0,0:0:0:0:
320,192,38158,1,0,0:0:0:0:
192,192,38209,1,0,0:0:0:0:
448,192,38260,1,0,0:0:0:0:
64,192,38310,1,0,0:0:0:0:
320,192,38361,1,0,0:0:0:0:
192,192,38412,1,0,0:0:0:0:
320,192,38462,1,0,0:0:0:0:
64,192,38513,1,0,0:0:0:0:
192,192,38614,1,0,0:0:0:0:
320,192,38716,1,0,0:0:0:0:
448,192,38817,1,0,0:0:0:0:
192,192,38918,1,0,0:0:0:0:
320,192,38969,1,0,0:0:0:0:
448,192,39020,1,0,0:0:0:0:
192,192,39071,1,0,0:0:0:0:
64,192,39121,1,0,0:0:0:0:
320,192,39172,1,0,0:0:0:0:
448,192,39223,1,0,0:0:0:0:
192,192,39273,1,0,0:0:0:0:
64,192,39324,1,0,0:0:0:0:
448,192,39375,1,0,0:0:0:0:
192,192,39425,1,0,0:0:0:0:
320,192,39476,1,0,0:0:0:0:
64,192,39527,1,0,0:0:0:0:
192,192,39577,1,0,0:0:0:0:
320,192,39628,1,0,0:0:0:0:
448,192,39679,1,0,0:0:0:0:
192,192,39729,1,0,0:0:0:0:
320,192,39780,1,0,0:0:0:0:
448,192,39831,1,0,0:0:0:0:
192,192,39881,1,0,0:0:0:0:
64,192,39932,1,0,0:0:0:0:
448,192,39983,1,0,0:0:0:0:
192,192,40033,1,0,0:0:0:0:
320,192,40084,1,0,0:0:0:0:
64,192,40135,1,0,0:0:0:0:
192,192,40185,1,0,0:0:0:0:
320,192,40236,1,0,0:0:0:0:
448,192,40287,1,0,0:0:0:0:
192,192,40337,1,0,0:0:0:0:
320,192,40388,1,0,0:0:0:0:
448,192,40439,1,0,0:0:0:0:
192,192,40489,1,0,0:0:0:0:
64,192,40540,1,0,0:0:0:0:
320,192,40591,1,0,0:0:0:0:
192,192,40641,1,0,0:0:0:0:
448,192,40692,1,0,0:0:0:0:
320,192,40743,1,0,0:0:0:0:
64,192,40793,1,0,0:0:0:0:
192,192,40844,1,0,0:0:0:0:
320,192,40895,1,0,0:0:0:0:
448,192,40946,1,0,0:0:0:0:
192,192,40996,1,0,0:0:0:0:
320,192,41047,1,0,0:0:0:0:
64,192,41098,1,0,0:0:0:0:
448,192,41148,1,0,0:0:0:0:
320,192,41199,1,0,0:0:0:0:
192,192,41250,1,0,0:0:0:0:
64,192,41300,1,0,0:0:0:0:
448,192,41351,1,0,0:0:0:0:
192,192,41402,1,0,0:0:0:0:
64,192,41452,1,0,0:0:0:0:
320,192,41503,1,0,0:0:0:0:
192,192,41554,1,0,0:0:0:0:
448,192,41604,1,0,0:0:0:0:
64,192,41655,1,0,0:0:0:0:
192,192,41706,1,0,0:0:0:0:
320,192,41756,1,0,0:0:0:0:
448,192,41858,1,0,0:0:0:0:
192,192,41959,1,0,0:0:0:0:
320,192,42060,1,0,0:0:0:0:
64,192,42162,1,0,0:0:0:0:
448,192,42212,1,0,0:0:0:0:
320,192,42263,1,0,0:0:0:0:
192,192,42314,1,0,0:0:0:0:
64,192,42364,1,0,0:0:0:0:
448,192,42415,1,0,0:0:0:0:
192,192,42466,1,0,0:0:0:0:
320,192,42516,1,0,0:0:0:0:
64,192,42567,1,0,0:0:0:0:
192,192,42618,1,0,0:0:0:0:
320,192,42668,1,0,0:0:0:0:
448,192,42719,1,0,0:0:0:0:
64,192,42770,1,0,0:0:0:0:
192,192,42821,1,0,0:0:0:0:
448,192,42871,1,0,0:0:0:0:
64,192,42922,1,0,0:0:0:0:
192,192,42973,1,0,0:0:0:0:
448,192,43023,1,0,0:0:0:0:
320,192,43074,1,0,0:0:0:0:
192,192,43125,1,0,0:0:0:0:
64,192,43175,1,0,0:0:0:0:
320,192,43226,1,0,0:0:0:0:
448,192,43277,1,0,0:0:0:0:
192,192,43327,1,0,0:0:0:0:
64,192,43378,1,0,0:0:0:0:
320,192,43429,1,0,0:0:0:0:
192,192,43479,1,0,0:0:0:0:
448,192,43530,1,0,0:0:0:0:
64,192,43581,1,0,0:0:0:0:
192,192,43631,1,0,0:0:0:0:
448,192,43682,1,0,0:0:0:0:
320,192,43733,1,0,0:0:0:0:
192,192,43783,1,0,0:0:0:0:
64,192,43834,1,0,0:0:0:0:
448,192,43885,1,0,0:0:0:0:
192,192,43935,1,0,0:0:0:0:
320,192,43986,1,0,0:0:0:0:
64,192,44037,1,0,0:0:0:0:
192,192,44087,1,0,0:0:0:0:
320,192,44138,1,0,0:0:0:0:
448,192,44189,1,0,0:0:0:0:
192,192,44239,1,0,0:0:0:0:
320,192,44290,1,0,0:0:0:0:
64,192,44341,1,0,0:0:0:0:
448,192,44391,1,0,0:0:0:0:
320,192,44442,1,0,0:0:0:0:
192,192,44493,1,0,0:0:0:0:
64,192,44544,1,0,0:0:0:0:
320,192,44594,1,0,0:0:0:0:
192,192,44645,1,0,0:0:0:0:
448,192,44696,1,0,0:0:0:0:
64,192,44746,1,0,0:0:0:0:
192,192,44797,1,0,0:0:0:0:
320,192,44848,1,0,0:0:0:0:
64,192,44898,1,0,0:0:0:0:
320,192,44949,1,0,0:0:0:0:
192,192,45000,1,0,0:0:0:0:
64,192,45101,1,0,0:0:0:0:
320,192,45202,1,0,0:0:0:0:
448,192,45304,1,0,0:0:0:0:
192,192,45405,1,0,0:0:0:0:
320,192,45456,1,0,0:0:0:0:
448,192,45506,1,0,0:0:0:0:
64,192,45557,1,0,0:0:0:0:
192,192,45608,1,0,0:0:0:0:
320,192,45658,1,0,0:0:0:0:
448,192,45709,1,0,0:0:0:0:
64,192,45760,1,0,0:0:0:0:
192,192,45810,1,0,0:0:0:0:
320,192,45861,1,0,0:0:0:0:
448,192,45912,1,0,0:0:0:0:
192,192,45962,1,0,0:0:0:0:
320,192,46013,1,0,0:0:0:0:
192,192,46064,1,0,0:0:0:0:
448,192,46114,1,0,0:0:0:0:
64,192,46165,1,0,0:0:0:0:
192,192,46216,1,0,0:0:0:0:
320,192,46266,1,0,0:0:0:0:
448,192,46317,1,0,0:0:0:0:
320,192,46368,1,0,0:0:0:0:
192,192,46419,1,0,0:0:0:0:
64,192,46469,1,0,0:0:0:0:
320,192,46520,1,0,0:0:0:0:
192,192,46571,1,0,0:0:0:0:
320,192,46621,1,0,0:0:0:0:
64,192,46672,1,0,0:0:0:0:
448,192,46723,1,0,0:0:0:0:
192,192,46773,1,0,0:0:0:0:
320,192,46824,1,0,0:0:0:0:
448,192,46875,1,0,0:0:0:0:
192,192,46925,1,0,0:0:0:0:
320,192,46976,1,0,0:0:0:0:
448,192,47027,1,0,0:0:0:0:
192,192,47077,1,0,0:0:0:0:
64,192,47128,1,0,0:0:0:0:
320,192,47179,1,0,0:0:0:0:
448,192,47229,1,0,0:0:0:0:
192,192,47280,1,0,0:0:0:0:
64,192,47331,1,0,0:0:0:0:
320,192,47381,1,0,0:0:0:0:
448,192,47432,1,0,0:0:0:0:
192,192,47483,1,0,0:0:0:0:
320,192,47533,1,0,0:0:0:0:
64,192,47584,1,0,0:0:0:0:
192,192,47635,1,0,0:0:0:0:
320,192,47685,1,0,0:0:0:0:
448,192,47736,1,0,0:0:0:0:
192,192,47787,1,0,0:0:0:0:
320,192,47837,1,0,0:0:0:0:
448,192,47888,1,0,0:0:0:0:
192,192,47939,1,0,0:0:0:0:
320,192,47989,1,0,0:0:0:0:
64,192,48040,1,0,0:0:0:0:
192,192,48091,1,0,0:0:0:0:
320,192,48141,1,0,0:0:0:0:
448,192,48192,1,0,0:0:0:0:
192,192,48243,1,0,0:0:0:0:
64,192,48344,1,0,0:0:0:0:
320,192,48446,1,0,0:0:0:0:
192,192,48547,1,0,0:0:0:0:
320,192,48648,1,0,0:0:0:0:
64,192,48699,1,0,0:0:0:0:
192,192,48750,1,0,0:0:0:0:
320,192,48800,1,0,0:0:0:0:
448,192,48851,1,0,0:0:0:0:
192,192,48902,1,0,0:0:0:0:
64,192,48952,1,0,0:0:0:0:
320,192,49003,1,0,0:0:0:0:
448,192,49054,1,0,0:0:0:0:
64,192,49104,1,0,0:0:0:0:
192,192,49155,1,0,0:0:0:0:
320,192,49206,1,0,0:0:0:0:
448,192,49256,1,0,0:0:0:0:
192,192,49307,1,0,0:0:0:0:
64,192,49358,1,0,0:0:0:0:
320,192,49408,1,0,0:0:0:0:
448,192,49459,1,0,0:0:0:0:
64,192,49510,1,0,0:0:0:0:
320,192,49560,1,0,0:0:0:0:
192,192,49611,1,0,0:0:0:0:
448,192,49662,1,0,0:0:0:0:
320,192,49712,1,0,0:0:0:0:
192,192,49763,1,0,0:0:0:0:
64,192,49814,1,0,0:0:0:0:
448,192,49864,1,0,0:0:0:0:
320,192,49915,1,0,0:0:0:0:
192,192,49966,1,0,0:0:0:0:
64,192,50016,1,0,0:0:0:0:
320,192,50067,1,0,0:0:0:0:
192,192,50118,1,0,0:0:0:0:
64,192,50169,1,0,0:0:0:0:
320,192,50219,1,0,0:0:0:0:
448,192,50270,1,0,0:0:0:0:
192,192,50321,1,0,0:0:0:0:
64,192,50371,1,0,0:0:0:0:
320,192,50422,1,0,0:0:0:0:
448,192,50473,1,0,0:0:0:0:
192,192,50523,1,0,0:0:0:0:
320,192,50574,1,0,0:0:0:0:
448,192,50625,1,0,0:0:0:0:
64,192,50675,1,0,0:0:0:0:
192,192,50726,1,0,0:0:0:0:
320,192,50777,1,0,0:0:0:0:
64,192,50827,1,0,0:0:0:0:
448,192,50878,1,0,0:0:0:0:
320,192,50929,1,0,0:0:0:0:
192,192,50979,1,0,0:0:0:0:
320,192,51030,1,0,0:0:0:0:
64,192,51081,1,0,0:0:0:0:
448,192,51131,1,0,0:0:0:0:
320,192,51182,1,0,0:0:0:0:
192,192,51233,1,0,0:0:0:0:
64,192,51283,1,0,0:0:0:0:
320,192,51334,1,0,0:0:0:0:
192,192,51385,1,0,0:0:0:0:
448,192,51435,1,0,0:0:0:0:
64,192,51486,1,0,0:0:0:0:
320,192,51587,1,0,0:0:0:0:
192,192,51689,1,0,0:0:0:0:
448,192,51790,1,0,0:0:0:0:
320,192,51891,1,0,0:0:0:0:
64,192,51942,1,0,0:0:0:0:
448,192,51993,1,0,0:0:0:0:
192,192,52044,1,0,0:0:0:0:
320,192,52094,1,0,0:0:0:0:
64,192,52145,1,0,0:0:0:0:
192,192,52196,1,0,0:0:0:0:
320,192,52246,1,0,0:0:0:0:
448,192,52297,1,0,0:0:0:0:
192,192,52348,1,0,0:0:0:0:
320,192,52398,1,0,0:0:0:0:
448,192,52449,1,0,0:0:0:0:
64,192,52500,1,0,0:0:0:0:
320,192,52550,1,0,0:0:0:0:
192,192,52601,1,0,0:0:0:0:
448,192,52652,1,0,0:0:0:0:
320,192,52702,1,0,0:0:0:0:
192,192,52753,1,0,0:0:0:0:
64,192,52804,1,0,0:0:0:0:
320,192,52854,1,0,0:0:0:0:
192,192,52905,1,0,0:0:0:0:
448,192,52956,1,0,0:0:0:0:
320,192,53006,1,0,0:0:0:0:
192,192,53057,1,0,0:0:0:0:
64,192,53108,1,0,0:0:0:0:
448,192,53158,1,0,0:0:0:0:
192,192,53209,1,0,0:0:0:0:
320,192,53260,1,0,0:0:0:0:
64,192,53310,1,0,0:0:0:0:
192,192,53361,1,0,0:0:0:0:
320,192,53412,1,0,0:0:0:0:
448,192,53462,1,0,0:0:0:0:
192,192,53513,1,0,0:0:0:0:
64,192,53564,1,0,0:0:0:0:
448,192,53614,1,0,0:0:0:0:
320,192,53665,1,0,0:0:0:0:
192,192,53716,1,0,0:0:0:0:
64,192,53766,1,0,0:0:0:0:
448,192,53817,1,0,0:0:0:0:
192,192,53868,1,0,0:0:0:0:
320,192,53919,1,0,0:0:0:0:
64,192,53969,1,0,0:0:0:0:
192,192,54020,1,0,0:0:0:0:
448,192,54071,1,0,0:0:0:0:
320,192,54121,1,0,0:0:0:0:
192,192,54172,1,0,0:0:0:0:
64,192,54223,1,0,0:0:0:0:
192,192,54273,1,0,0:0:0:0:
320,192,54324,1,0,0:0:0:0:
64,192,54375,1,0,0:0:0:0:
192,192,54425,1,0,0:0:0:0:
320,192,54476,1,0,0:0:0:0:
448,192,54527,1,0,0:0:0:0:
192,192,54577,1,0,0:0:0:0:
64,192,54628,1,0,0:0:0:0:
320,192,54679,1,0,0:0:0:0:
448,192,54729,1,0,0:0:0:0:
192,192,54831,1,0,0:0:0:0:
64,192,54932,1,0,0:0:0:0:
320,192,55033,1,0,0:0:0:0:
192,192,55135,1,0,0:0:0:0:
64,192,55185,1,0,0:0:0:0:
320,192,55236,1,0,0:0:0:0:
448,192,55287,1,0,0:0:0:0:
192,192,55337,1,0,0:0:0:0:
64,192,55388,1,0,0:0:0:0:
448,192,55439,1,0,0:0:0:0:
320,192,55489,1,0,0:0:0:0:
64,192,55540,1,0,0:0:0:0:
448,192,55591,1,0,0:0:0:0:
320,192,55641,1,0,0:0:0:0:
192,192,55692,1,0,0:0:0:0:
64,192,55743,1,0,0:0:0:0:
320,192,55794,1,0,0:0:0:0:
448,192,55844,1,0,0:0:0:0:
64,192,55895,1,0,0:0:0:0:
192,192,55946,1,0,0:0:0:0:
320,192,55996,1,0,0:0:0:0:
448,192,56047,1,0,0:0:0:0:
192,192,56098,1,0,0:0:0:0:
64,192,56148,1,0,0:0:0:0:
320,192,56199,1,0,0:0:0:0:
448,192,56250,1,0,0:0:0:0:
192,192,56300,1,0,0:0:0:0:
320,192,56351,1,0,0:0:0:0:
64,192,56402,1,0,0:0:0:0:
192,192,56452,1,0,0:0:0:0:
320,192,56503,1,0,0:0:0:0:
448,192,56554,1,0,0:0:0:0:
192,192,56604,1,0,0:0:0:0:
64,192,56655,1,0,0:0:0:0:
320,192,56706,1,0,0:0:0:0:
448,192,56756,1,0,0:0:0:0:
64,192,56807,1,0,0:0:0:0:
192,192,56858,1,0,0:0:0:0:
320,192,56908,1,0,0:0:0:0:
448,192,56959,1,0,0:0:0:0:
192,192,57010,1,0,0:0:0:0:
64,192,57060,1,0,0:0:0:0:
320,192,57111,1,0,0:0:0:0:
192,192,57162,1,0,0:0:0:0:
448,192,57212,1,0,0:0:0:0:
64,192,57263,1,0,0:0:0:0:
320,192,57314,1,0,0:0:0:0:
192,192,57364,1,0,0:0:0:0:
448,192,57415,1,0,0:0:0:0:
64,192,57466,1,0,0:0:0:0:
192,192,57517,1,0,0:0:0:0:
320,192,57567,1,0,0:0:0:0:
64,192,57618,1,0,0:0:0:0:
192,192,57669,1,0,0:0:0:0:
320,192,57719,1,0,0:0:0:0:
448,192,57770,1,0,0:0:0:0:
192,192,57821,1,0,0:0:0:0:
64,192,57871,1,0,0:0:0:0:
320,192,57922,1,0,0:0:0:0:
448,192,57973,1,0,0:0:0:0:
192,192,58074,1,0,0:0:0:0:
64,192,58175,1,0,0:0:0:0:
192,192,58277,1,0,0:0:0:0:
320,192,58378,1,0,0:0:0:0:
64,192,58429,1,0,0:0:0:0:
192,192,58479,1,0,0:0:0:0:
320,192,58530,1,0,0:0:0:0:
448,192,58581,1,0,0:0:0:0:
320,192,58631,1,0,0:0:0:0:
192,192,58682,1,0,0:0:0:0:
64,192,58733,1,0,0:0:0:0:
448,192,58783,1,0,0:0:0:0:
192,192,58834,1,0,0:0:0:0:
64,192,58885,1,0,0:0:0:0:
320,192,58935,1,0,0:0:0:0:
448,192,58986,1,0,0:0:0:0:
192,192,59037,1,0,0:0:0:0:
64,192,59087,1,0,0:0:0:0:
320,192,59138,1,0,0:0:0:0:
448,192,59189,1,0,0:0:0:0:
64,192,59239,1,0,0:0:0:0:
192,192,59290,1,0,0:0:0:0:
448,192,59341,1,0,0:0:0:0:
320,192,59392,1,0,0:0:0:0:
192,192,59442,1,0,0:0:0:0:
64,192,59493,1,0,0:0:0:0:
448,192,59544,1,0,0:0:0:0:
192,192,59594,1,0,0:0:0:0:
320,192,59645,1,0,0:0:0:0:
192,192,59696,1,0,0:0:0:0:
448,192,59746,1,0,0:0:0:0:
320,192,59797,1,0,0:0:0:0:
192,192,59848,1,0,0:0:0:0:
64,192,59898,1,0,0:0:0:0:
192,192,59949,1,0,0:0:0:0:
448,192,60000,1,0,0:0:0:0:
320,192,60050,1,0,0:0:0:0:
192,192,60101,1,0,0:0:0:0:
64,192,60152,1,0,0:0:0:0:
448,192,60202,1,0,0:0:0:0:
192,192,60253,1,0,0:0:0:0:
320,192,60304,1,0,0:0:0:0:
64,192,60354,1,0,0:0:0:0:
192,192,60405,1,0,0:0:0:0:
320,192,60456,1,0,0:0:0:0:
448,192,60506,1,0,0:0:0:0:
64,192,60557,1,0,0:0:0:0:
320,192,60608,1,0,0:0:0:0:
192,192,60658,1,0,0:0:0:0:
448,192,60709,1,0,0:0:0:0:
320,192,60760,1,0,0:0:0:0:
192,192,60810,1,0,0:0:0:0:
448,192,60861,1,0,0:0:0:0:
320,192,60912,1,0,0:0:0:0:
192,192,60962,1,0,0:0:0:0:
64,192,61013,1,0,0:0:0:0:
320,192,61064,1,0,0:0:0:0:
192,192,61114,1,0,0:0:0:0:
448,192,61165,1,0,0:0:0:0:
64,192,61216,1,0,0:0:0:0:
192,192,61317,1,0,0:0:0:0:
320,192,61419,1,0,0:0:0:0:
192,192,61520,1,0,0:0:0:0:
64,192,61621,1,0,0:0:0:0:
320,192,61672,1,0,0:0:0:0:
192,192,61723,1,0,0:0:0:0:
64,192,61773,1,0,0:0:0:0:
448,192,61824,1,0,0:0:0:0:
192,192,61875,1,0,0:0:0:0:
320,192,61925,1,0,0:0:0:0:
64,192,61976,1,0,0:0:0:0:
448,192,62027,1,0,0:0:0:0:
320,192,62077,1,0,0:0:0:0:
64,192,62128,1,0,0:0:0:0:
192,192,62179,1,0,0:0:0:0:
320,192,62229,1,0,0:0:0:0:
448,192,62280,1,0,0:0:0:0:
64,192,62331,1,0,0:0:0:0:
192,192,62381,1,0,0:0:0:0:
448,192,62432,1,0,0:0:0:0:
64,192,62483,1,0,0:0:0:0:
192,192,62533,1,0,0:0:0:0:
448,192,62584,1,0,0:0:0:0:
320,192,62635,1,0,0:0:0:0:
192,192,62685,1,0,0:0:0:0:
448,192,62736,1,0,0:0:0:0:
320,192,62787,1,0,0:0:0:0:
192,192,62837,1,0,0:0:0:0:
64,192,62888,1,0,0:0:0:0:
448,192,62939,1,0,0:0:0:0:
320,192,62989,1,0,0:0:0:0:
192,192,63040,1,0,0:0:0:0:
64,192,63091,1,0,0:0:0:0:
320,192,63142,1,0,0:0:0:0:
448,192,63192,1,0,0:0:0:0:
192,192,63243,1,0,0:0:0:0:
64,192,63294,1,0,0:0:0:0:
320,192,63344,1,0,0:0:0:0:
192,192,63395,1,0,0:0:0:0:
320,192,63446,1,0,0:0:0:0:
448,192,63496,1,0,0:0:0:0:
192,192,63547,1,0,0:0:0:0:
64,192,63598,1,0,0:0:0:0:
448,192,63648,1,0,0:0:0:0:
320,192,63699,1,0,0:0:0:0:
64,192,63750,1,0,0:0:0:0:
192,192,63800,1,0,0:0:0:0:
320,192,63851,1,0,0:0:0:0:
448,192,63902,1,0,0:0:0:0:
64,192,63952,1,0,0:0:0:0:
192,192,64003,1,0,0:0:0:0:
320,192,64054,1,0,0:0:0:0:
64,192,64104,1,0,0:0:0:0:
192,192,64155,1,0,0:0:0:0:
448,192,64206,1,0,0:0:0:0:
320,192,64256,1,0,0:0:0:0:
192,192,64307,1,0,0:0:0:0:
64,192,64358,1,0,0:0:0:0:
448,192,64408,1,0,0:0:0:0:
320,192,64459,1,0,0:0:0:0:
192,192,64560,1,0,0:0:0:0:
320,192,64662,1,0,0:0:0:0:
192,192,64763,1,0,0:0:0:0:
448,192,64864,1,0,0:0:0:0:
320,192,64915,1,0,0:0:0:0:
192,192,64966,1,0,0:0:0:0:
64,192,65017,1,0,0:0:0:0:
448,192,65067,1,0,0:0:0:0:
320,192,65118,1,0,0:0:0:0:
192,192,65169,1,0,0:0:0:0:
64,192,65219,1,0,0:0:0:0:
448,192,65270,1,0,0:0:0:0:
192,192,65321,1,0,0:0:0:0:
64,192,65371,1,0,0:0:0:0:
320,192,65422,1,0,0:0:0:0:
448,192,65473,1,0,0:0:0:0:
64,192,65523,1,0,0:0:0:0:
192,192,65574,1,0,0:0:0:0:
320,192,65625,1,0,0:0:0:0:
448,192,65675,1,0,0:0:0:0:
192,192,65726,1,0,0:0:0:0:
320,192,65777,1,0,0:0:0:0:
64,192,65827,1,0,0:0:0:0:
448,192,65878,1,0,0:0:0:0:
320,192,65929,1,0,0:0:0:0:
192,192,65979,1,0,0:0:0:0:
64,192,66030,1,0,0:0:0:0:
448,192,66081,1,0,0:0:0:0:
320,192,66131,1,0,0:0:0:0:
192,192,66182,1,0,0:0:0:0:
64,192,66233,1,0,0:0:0:0:
448,192,66283,1,0,0:0:0:0:
320,192,66334,1,0,0:0:0:0:
64,192,66385,1,0,0:0:0:0:
192,192,66435,1,0,0:0:0:0:
320,192,66486,1,0,0:0:0:0:
448,192,66537,1,0,0:0:0:0:
192,192,66587,1,0,0:0:0:0:
448,192,66638,1,0,0:0:0:0:
192,192,66689,1,0,0:0:0:0:
64,192,66739,1,0,0:0:0:0:
320,192,66790,1,0,0:0:0:0:
192,192,66841,1,0,0:0:0:0:
448,192,66891,1,0,0:0:0:0:
64,192,66942,1,0,0:0:0:0:
192,192,66993,1,0,0:0:0:0:
320,192,67043,1,0,0:0:0:0:
64,192,67094,1,0,0:0:0:0:
192,192,67145,1,0,0:0:0:0:
320,192,67195,1,0,0:0:0:0:
448,192,67246,1,0,0:0:0:0:
64,192,67297,1,0,0:0:0:0:
320,192,67347,1,0,0:0:0:0:
448,192,67398,1,0,0:0:0:0:
192,192,67449,1,0,0:0:0:0:
320,192,67499,1,0,0:0:0:0:
448,192,67550,1,0,0:0:0:0:
192,192,67601,1,0,0:0:0:0:
64,192,67651,1,0,0:0:0:0:
320,192,67702,1,0,0:0:0:0:
448,192,67804,1,0,0:0:0:0:
192,192,67905,1,0,0:0:0:0:
320,192,68006,1,0,0:0:0:0:
448,192,68108,1,0,0:0:0:0:
192,192,68158,1,0,0:0:0:0:
320,192,68209,1,0,0:0:0:0:
64,192,68260,1,0,0:0:0:0:
448,192,68310,1,0,0:0:0:0:
320,192,68361,1,0,0:0:0:0:
192,192,68412,1,0,0:0:0:0:
448,192,68462,1,0,0:0:0:0:
64,192,68513,1,0,0:0:0:0:
192,192,68564,1,0,0:0:0:0:
448,192,68614,1,0,0:0:0:0:
320,192,68665,1,0,0:0:0:0:
192,192,68716,1,0,0:0:0:0:
64,192,68766,1,0,0:0:0:0:
448,192,68817,1,0,0:0:0:0:
320,192,68868,1,0,0:0:0:0:
64,192,68918,1,0,0:0:0:0:
448,192,68969,1,0,0:0:0:0:
320,192,69020,1,0,0:0:0:0:
192,192,69070,1,0,0:0:0:0:
64,192,69121,1,0,0:0:0:0:
320,192,69172,1,0,0:0:0:0:
192,192,69222,1,0,0:0:0:0:
64,192,69273,1,0,0:0:0:0:
448,192,69324,1,0,0:0:0:0:
192,192,69374,1,0,0:0:0:0:
320,192,69425,1,0,0:0:0:0:
64,192,69476,1,0,0:0:0:0:
448,192,69526,1,0,0:0:0:0:
320,192,69577,1,0,0:0:0:0:
64,192,69628,1,0,0:0:0:0:
192,192,69678,1,0,0:0:0:0:
320,192,69729,1,0,0:0:0:0:
448,192,69780,1,0,0:0:0:0:
64,192,69830,1,0,0:0:0:0:
192,192,69881,1,0,0:0:0:0:
320,192,69932,1,0,0:0:0:0:
448,192,69982,1,0,0:0:0:0:
192,192,70033,1,0,0:0:0:0:
64,192,70084,1,0,0:0:0:0:
448,192,70134,1,0,0:0:0:0:
320,192,70185,1,0,0:0:0:0:
192,192,70236,1,0,0:0:0:0:
64,192,70286,1,0,0:0:0:0:
320,192,70337,1,0,0:0:0:0:
192,192,70388,1,0,0:0:0:0:
64,192,70438,1,0,0:0:0:0:
320,192,70489,1,0,0:0:0:0:
192,192,70540,1,0,0:0:0:0:
448,192,70590,1,0,0:0:0:0:
192,192,70641,1,0,0:0:0:0:
320,192,70692,1,0,0:0:0:0:
64,192,70742,1,0,0:0:0:0:
192,192,70793,1,0,0:0:0:0:
320,192,70844,1,0,0:0:0:0:
448,192,70894,1,0,0:0:0:0:
64,192,70945,1,0,0:0:0:0:
448,192,71047,1,0,0:0:0:0:
320,192,71148,1,0,0:0:0:0:
192,192,71249,1,0,0:0:0:0:
64,192,71351,1,0,0:0:0:0:
320,192,71401,1,0,0:0:0:0:
192,192,71452,1,0,0:0:0:0:
448,192,71503,1,0,0:0:0:0:
64,192,71553,1,0,0:0:0:0:
192,192,71604,1,0,0:0:0:0:
320,192,71655,1,0,0:0:0:0:
448,192,71705,1,0,0:0:0:0:
192,192,71756,1,0,0:0:0:0:
320,192,71807,1,0,0:0:0:0:
64,192,71857,1,0,0:0:0:0:
192,192,71908,1,0,0:0:0:0:
320,192,71959,1,0,0:0:0:0:
448,192,72009,1,0,0:0:0:0:
64,192,72060,1,0,0:0:0:0:
192,192,72111,1,0,0:0:0:0:
320,192,72161,1,0,0:0:0:0:
64,192,72212,1,0,0:0:0:0:
448,192,72263,1,0,0:0:0:0:
192,192,72313,1,0,0:0:0:0:
320,192,72364,1,0,0:0:0:0:
448,192,72415,1,0,0:0:0:0:
192,192,72465,1,0,0:0:0:0:
64,192,72516,1,0,0:0:0:0:
448,192,72567,1,0,0:0:0:0:
192,192,72617,1,0,0:0:0:0:
320,192,72668,1,0,0:0:0:0:
64,192,72719,1,0,0:0:0:0:
448,192,72769,1,0,0:0:0:0:
320,192,72820,1,0,0:0:0:0:
64,192,72871,1,0,0:0:0:0:
192,192,72921,1,0,0:0:0:0:
320,192,72972,1,0,0:0:0:0:
448,192,73023,1,0,0:0:0:0:
64,192,73073,1,0,0:0:0:0:
320,192,73124,1,0,0:0:0:0:
192,192,73175,1,0,0:0:0:0:
448,192,73225,1,0,0:0:0:0:
320,192,73276,1,0,0:0:0:0:
192,192,73327,1,0,0:0:0:0:
64,192,73377,1,0,0:0:0:0:
448,192,73428,1,0,0:0:0:0:
192,192,73479,1,0,0:0:0:0:
320,192,73529,1,0,0:0:0:0:
64,192,73580,1,0,0:0:0:0:
192,192,73631,1,0,0:0:0:0:
320,192,73681,1,0,0:0:0:0:
448,192,73732,1,0,0:0:0:0:
192,192,73783,1,0,0:0:0:0:
320,192,73833,1,0,0:0:0:0:
64,192,73884,1,0,0:0:0:0:
448,192,73935,1,0,0:0:0:0:
64,192,73985,1,0,0:0:0:0:
320,192,74036,1,0,0:0:0:0:
192,192,74087,1,0,0:0:0:0:
448,192,74137,1,0,0:0:0:0:
64,192,74188,1,0,0:0:0:0:
320,192,74290,1,0,0:0:0:0:
192,192,74391,1,0,0:0:0:0:
320,192,74492,1,0,0:0:0:0:
448,192,74594,1,0,0:0:0:0:
192,192,74644,1,0,0:0:0:0:
320,192,74695,1,0,0:0:0:0:
64,192,74746,1,0,0:0:0:0:
192,192,74796,1,0,0:0:0:0:
320,192,74847,1,0,0:0:0:0:
448,192,74898,1,0,0:0:0:0:
64,192,74948,1,0,0:0:0:0:
192,192,74999,1,0,0:0:0:0:
448,192,75050,1,0,0:0:0:0:
320,192,75100,1,0,0:0:0:0:
64,192,75151,1,0,0:0:0:0:
192,192,75202,1,0,0:0:0:0:
320,192,75252,1,0,0:0:0:0:
448,192,75303,1,0,0:0:0:0:
64,192,75354,1,0,0:0:0:0:
192,192,75404,1,0,0:0:0:0:
320,192,75455,1,0,0:0:0:0:
448,192,75506,1,0,0:0:0:0:
320,192,75556,1,0,0:0:0:0:
192,192,75607,1,0,0:0:0:0:
64,192,75658,1,0,0:0:0:0:
320,192,75708,1,0,0:0:0:0:
192,192,75759,1,0,0:0:0:0:
448,192,75810,1,0,0:0:0:0:
320,192,75860,1,0,0:0:0:0:
192,192,75911,1,0,0:0:0:0:
64,192,75962,1,0,0:0:0:0:
448,192,76012,1,0,0:0:0:0:
192,192,76063,1,0,0:0:0:0:
64,192,76114,1,0,0:0:0:0:
320,192,76164,1,0,0:0:0:0:
448,192,76215,1,0,0:0:0:0:
64,192,76266,1,0,0:0:0:0:
192,192,76316,1,0,0:0:0:0:
448,192,76367,1,0,0:0:0:0:
320,192,76418,1,0,0:0:0:0:
64,192,76468,1,0,0:0:0:0:
192,192,76519,1,0,0:0:0:0:
320,192,76570,1,0,0:0:0:0:
448,192,76620,1,0,0:0:0:0:
64,192,76671,1,0,0:0:0:0:
192,192,76722,1,0,0:0:0:0:
320,192,76772,1,0,0:0:0:0:
448,192,76823,1,0,0:0:0:0:
192,192,76874,1,0,0:0:0:0:
64,192,76924,1,0,0:0:0:0:
320,192,76975,1,0,0:0:0:0:
448,192,77026,1,0,0:0:0:0:
64,192,77076,1,0,0:0:0:0:
320,192,77127,1,0,0:0:0:0:
192,192,77178,1,0,0:0:0:0:
64,192,77228,1,0,0:0:0:0:
320,192,77279,1,0,0:0:0:0:
192,192,77330,1,0,0:0:0:0:
320,192,77380,1,0,0:0:0:0:
64,192,77431,1,0,0:0:0:0:
320,192,77533,1,0,0:0:0:0:
64,192,77634,1,0,0:0:0:0:
192,192,77634,1,0,0:0:0:0:
320,192,77735,1,0,0:0:0:0:
64,192,77837,1,0,0:0:0:0:
192,192,77837,1,0,0:0:0:0:
448,192,77837,1,0,0:0:0:0:
320,192,77938,1,0,0:0:0:0:
448,192,78039,1,0,0:0:0:0:
192,192,78141,1,0,0:0:0:0:
64,192,78242,1,0,0:0:0:0:
448,192,78242,1,0,0:0:0:0:
192,192,78343,1,0,0:0:0:0:
320,192,78445,1,0,0:0:0:0:
192,192,78546,1,0,0:0:0:0:
64,192,78647,1,0,0:0:0:0:
448,192,78647,1,0,0:0:0:0:
320,192,78749,1,0,0:0:0:0:
192,192,78850,1,0,0:0:0:0:
448,192,78850,1,0,0:0:0:0:
64,192,78951,1,0,0:0:0:0:
448,192,79053,1,0,0:0:0:0:
192,192,79154,1,0,0:0:0:0:
320,192,79255,1,0,0:0:0:0:
448,192,79255,1,0,0:0:0:0:
192,192,79357,1,0,0:0:0:0:
64,192,79458,1,0,0:0:0:0:
320,192,79560,1,0,0:0:0:0:
448,192,79661,1,0,0:0:0:0:
320,192,79762,1,0,0:0:0:0:
64,192,79864,1,0,0:0:0:0:
192,192,79965,1,0,0:0:0:0:
320,192,80066,1,0,0:0:0:0:
448,192,80066,1,0,0:0:0:0:
64,192,80168,1,0,0:0:0:0:
192,192,80269,1,0,0:0:0:0:
320,192,80269,1,0,0:0:0:0:
448,192,80370,1,0,0:0:0:0:
64,192,80472,1,0,0:0:0:0:
192,192,80472,1,0,0:0:0:0:
320,192,80573,1,0,0:0:0:0:
448,192,80674,1,0,0:0:0:0:
320,192,80776,1,0,0:0:0:0:
192,192,80877,1,0,0:0:0:0:
64,192,80978,1,0,0:0:0:0:
192,192,81080,1,0,0:0:0:0:
448,192,81080,1,0,0:0:0:0:
320,192,81181,1,0,0:0:0:0:
64,192,81282,1,0,0:0:0:0:
448,192,81384,1,0,0:0:0:0:
192,192,81485,1,0,0:0:0:0:
320,192,81485,1,0,0:0:0:0:
64,192,81587,1,0,0:0:0:0:
448,192,81688,1,0,0:0:0:0:
192,192,81789,1,0,0:0:0:0:
320,192,81891,1,0,0:0:0:0:
448,192,81891,1,0,0:0:0:0:
192,192,81992,1,0,0:0:0:0:
320,192,82093,1,0,0:0:0:0:
448,192,82093,1,0,0:0:0:0:
192,192,82195,1,0,0:0:0:0:
64,192,82296,1,0,0:0:0:0:
320,192,82397,1,0,0:0:0:0:
192,192,82499,1,0,0:0:0:0:
448,192,82499,1,0,0:0:0:0:
320,192,82600,1,0,0:0:0:0:
64,192,82701,1,0,0:0:0:0:
192,192,82803,1,0,0:0:0:0:
320,192,82904,1,0,0:0:0:0:
448,192,83005,1,0,0:0:0:0:
64,192,83107,1,0,0:0:0:0:
192,192,83208,1,0,0:0:0:0:
320,192,83310,1,0,0:0:0:0:
448,192,83310,1,0,0:0:0:0:
192,192,83411,1,0,0:0:0:0:
64,192,83512,1,0,0:0:0:0:
192,192,83614,1,0,0:0:0:0:
320,192,83715,1,0,0:0:0:0:
448,192,83715,1,0,0:0:0:0:
64,192,83816,1,0,0:0:0:0:
192,192,83918,1,0,0:0:0:0:
320,192,83918,1,0,0:0:0:0:
448,192,84019,1,0,0:0:0:0:
64,192,84120,1,0,0:0:0:0:
192,192,84120,1,0,0:0:0:0:
320,192,84222,1,0,0:0:0:0:
64,192,84323,1,0,0:0:0:0:
448,192,84323,1,0,0:0:0:0:
192,192,84424,1,0,0:0:0:0:
320,192,84526,1,0,0:0:0:0:
64,192,84627,1,0,0:0:0:0:
192,192,84728,1,0,0:0:0:0:
448,192,84728,1,0,0:0:0:0:
64,192,84830,1,0,0:0:0:0:
320,192,84931,1,0,0:0:0:0:
192,192,85033,1,0,0:0:0:0:
320,192,85134,1,0,0:0:0:0:
448,192,85134,1,0,0:0:0:0:
192,192,85235,1,0,0:0:0:0:
320,192,85337,1,0,0:0:0:0:
448,192,85337,1,0,0:0:0:0:
64,192,85438,1,0,0:0:0:0:
192,192,85539,1,0,0:0:0:0:
320,192,85641,1,0,0:0:0:0:
192,192,85742,1,0,0:0:0:0:
448,192,85742,1,0,0:0:0:0:
320,192,85843,1,0,0:0:0:0:
64,192,85945,1,0,0:0:0:0:
320,192,86046,1,0,0:0:0:0:
192,192,86147,1,0,0:0:0:0:
320,192,86249,1,0,0:0:0:0:
64,192,86350,1,0,0:0:0:0:
192,192,86451,1,0,0:0:0:0:
320,192,86553,1,0,0:0:0:0:
448,192,86553,1,0,0:0:0:0:
64,192,86654,1,0,0:0:0:0:
192,192,86755,1,0,0:0:0:0:
320,192,86755,1,0,0:0:0:0:
448,192,86857,1,0,0:0:0:0:
64,192,86958,1,0,0:0:0:0:
192,192,86958,1,0,0:0:0:0:
320,192,87060,1,0,0:0:0:0:
448,192,87161,1,0,0:0:0:0:
192,192,87262,1,0,0:0:0:0:
320,192,87364,1,0,0:0:0:0:
64,192,87465,1,0,0:0:0:0:
192,192,87566,1,0,0:0:0:0:
448,192,87566,1,0,0:0:0:0:
320,192,87668,1,0,0:0:0:0:
64,192,87769,1,0,0:0:0:0:
320,192,87870,1,0,0:0:0:0:
192,192,87972,1,0,0:0:0:0:
448,192,87972,1,0,0:0:0:0:
320,192,88073,1,0,0:0:0:0:
64,192,88174,1,0,0:0:0:0:
192,192,88276,1,0,0:0:0:0:
320,192,88377,1,0,0:0:0:0:
448,192,88377,1,0,0:0:0:0:
192,192,88478,1,0,0:0:0:0:
320,192,88580,1,0,0:0:0:0:
448,192,88580,1,0,0:0:0:0:
192,192,88681,1,0,0:0:0:0:
64,192,88783,1,0,0:0:0:0:
448,192,88884,1,0,0:0:0:0:
192,192,88985,1,0,0:0:0:0:
320,192,88985,1,0,0:0:0:0:
64,192,89087,1,0,0:0:0:0:
320,192,89188,1,0,0:0:0:0:
448,192,89188,1,0,0:0:0:0:
192,192,89289,1,0,0:0:0:0:
448,192,89391,1,0,0:0:0:0:
64,192,89492,1,0,0:0:0:0:
320,192,89492,1,0,0:0:0:0:
192,192,89593,1,0,0:0:0:0:
320,192,89695,1,0,0:0:0:0:
192,192,89796,1,0,0:0:0:0:
448,192,89796,1,0,0:0:0:0:
320,192,89897,1,0,0:0:0:0:
64,192,89999,1,0,0:0:0:0:
448,192,89999,1,0,0:0:0:0:
320,192,90100,1,0,0:0:0:0:
64,192,90201,1,0,0:0:0:0:
192,192,90201,1,0,0:0:0:0:
448,192,90303,1,0,0:0:0:0:
320,192,90404,1,0,0:0:0:0:
192,192,90505,1,0,0:0:0:0:
64,192,90607,1,0,0:0:0:0:
320,192,90607,1,0,0:0:0:0:
192,192,90708,1,0,0:0:0:0:
64,192,90810,1,0,0:0:0:0:
320,192,90810,1,0,0:0:0:0:
448,192,90810,1,0,0:0:0:0:
192,192,90911,1,0,0:0:0:0:
320,192,91012,1,0,0:0:0:0:
192,192,91114,1,0,0:0:0:0:
64,192,91215,1,0,0:0:0:0:
320,192,91316,1,0,0:0:0:0:
448,192,91418,1,0,0:0:0:0:
192,192,91519,1,0,0:0:0:0:
320,192,91620,1,0,0:0:0:0:
192,192,91722,1,0,0:0:0:0:
320,192,91823,1,0,0:0:0:0:
448,192,91924,1,0,0:0:0:0:
320,192,92026,1,0,0:0:0:0:
192,192,92127,1,0,0:0:0:0:
320,192,92228,1,0,0:0:0:0:
448,192,92330,1,0,0:0:0:0:
64,192,92431,1,0,0:0:0:0:
192,192,92431,1,0,0:0:0:0:
320,192,92533,1,0,0:0:0:0:
448,192,92634,1,0,0:0:0:0:
64,192,92735,1,0,0:0:0:0:
192,192,92837,1,0,0:0:0:0:
320,192,92837,1,0,0:0:0:0:
448,192,92938,1,0,0:0:0:0:
64,192,93039,1,0,0:0:0:0:
192,192,93141,1,0,0:0:0:0:
320,192,93242,1,0,0:0:0:0:
448,192,93242,1,0,0:0:0:0:
64,192,93343,1,0,0:0:0:0:
192,192,93445,1,0,0:0:0:0:
320,192,93546,1,0,0:0:0:0:
448,192,93647,1,0,0:0:0:0:
192,192,93749,1,0,0:0:0:0:
64,192,93850,1,0,0:0:0:0:
320,192,93850,1,0,0:0:0:0:
192,192,93951,1,0,0:0:0:0:
320,192,94053,1,0,0:0:0:0:
448,192,94053,1,0,0:0:0:0:
64,192,94154,1,0,0:0:0:0:
192,192,94255,1,0,0:0:0:0:
64,192,94357,1,0,0:0:0:0:
320,192,94357,1,0,0:0:0:0:
448,192,94458,1,0,0:0:0:0:
192,192,94560,1,0,0:0:0:0:
64,192,94661,1,0,0:0:0:0:
320,192,94661,1,0,0:0:0:0:
448,192,94762,1,0,0:0:0:0:
192,192,94864,1,0,0:0:0:0:
320,192,94864,1,0,0:0:0:0:
64,192,94965,1,0,0:0:0:0:
320,192,95066,1,0,0:0:0:0:
448,192,95066,1,0,0:0:0:0:
192,192,95168,1,0,0:0:0:0:
64,192,95269,1,0,0:0:0:0:
320,192,95370,1,0,0:0:0:0:
448,192,95472,1,0,0:0:0:0:
192,192,95573,1,0,0:0:0:0:
64,192,95674,1,0,0:0:0:0:
320,192,95674,1,0,0:0:0:0:
192,192,95776,1,0,0:0:0:0:
320,192,95877,1,0,0:0:0:0:
448,192,95978,1,0,0:0:0:0:
192,192,96080,1,0,0:0:0:0:
320,192,96080,1,0,0:0:0:0:
64,192,96181,1,0,0:0:0:0:
448,192,96283,1,0,0:0:0:0:
320,192,96384,1,0,0:0:0:0:
192,192,96485,1,0,0:0:0:0:
448,192,96485,1,0,0:0:0:0:
320,192,96587,1,0,0:0:0:0:
192,192,96688,1,0,0:0:0:0:
64,192,96789,1,0,0:0:0:0:
448,192,96891,1,0,0:0:0:0:
192,192,96992,1,0,0:0:0:0:
320,192,97093,1,0,0:0:0:0:
64,192,97195,1,0,0:0:0:0:
192,192,97296,1,0,0:0:0:0:
320,192,97397,1,0,0:0:0:0:
448,192,97499,1,0,0:0:0:0:
64,192,97600,1,0,0:0:0:0:
448,192,97701,1,0,0:0:0:0:
320,192,97803,1,0,0:0:0:0:
448,192,97904,1,0,0:0:0:0:
64,192,98006,1,0,0:0:0:0:
448,192,98107,1,0,0:0:0:0:
320,192,98208,1,0,0:0:0:0:
192,192,98310,1,0,0:0:0:0:
64,192,98411,1,0,0:0:0:0:
448,192,98512,1,0,0:0:0:0:
192,192,98614,1,0,0:0:0:0:
320,192,98715,1,0,0:0:0:0:
64,192,98816,1,0,0:0:0:0:
192,192,98918,1,0,0:0:0:0:
320,192,99019,1,0,0:0:0:0:
448,192,99120,1,0,0:0:0:0:
192,192,99222,1,0,0:0:0:0:
64,192,99323,1,0,0:0:0:0:
448,192,99424,1,0,0:0:0:0:
320,192,99526,1,0,0:0:0:0:
448,192,99627,1,0,0:0:0:0:
64,192,99728,1,0,0:0:0:0:
320,192,99830,1,0,0:0:0:0:
192,192,99931,1,0,0:0:0:0:
448,192,100033,1,0,0:0:0:0:
64,192,100134,1,0,0:0:0:0:
192,192,100235,1,0,0:0:0:0:
320,192,100337,1,0,0:0:0:0:
448,192,100438,1,0,0:0:0:0:
64,192,100539,1,0,0:0:0:0:
320,192,100641,1,0,0:0:0:0:
64,192,100742,1,0,0:0:0:0:
320,192,100843,1,0,0:0:0:0:
448,192,100945,1,0,0:0:0:0:
192,192,101046,1,0,0:0:0:0:
448,192,101147,1,0,0:0:0:0:
192,192,101249,1,0,0:0:0:0:
448,192,101350,1,0,0:0:0:0:
320,192,101451,1,0,0:0:0:0:
448,192,101553,1,0,0:0:0:0:
320,192,101654,1,0,0:0:0:0:
192,192,101756,1,0,0:0:0:0:
64,192,101857,1,0,0:0:0:0:
192,192,101958,1,0,0:0:0:0:
64,192,102060,1,0,0:0:0:0:
448,192,102161,1,0,0:0:0:0:
192,192,102262,1,0,0:0:0:0:
320,192,102364,1,0,0:0:0:0:
64,192,102465,1,0,0:0:0:0:
192,192,102566,1,0,0:0:0:0:
320,192,102668,1,0,0:0:0:0:
448,192,102769,1,0,0:0:0:0:
64,192,102870,1,0,0:0:0:0:
320,192,102972,1,0,0:0:0:0:
192,192,103073,1,0,0:0:0:0:
448,192,103174,1,0,0:0:0:0:
64,192,103276,1,0,0:0:0:0:
192,192,103377,1,0,0:0:0:0:
320,192,103478,1,0,0:0:0:0:
448,192,103580,1,0,0:0:0:0:
64,192,103681,1,0,0:0:0:0:
192,192,103783,1,0,0:0:0:0:
320,192,103783,1,0,0:0:0:0:
448,192,103783,1,0,0:0:0:0:
