osu file format v14

[General]
AudioFilename: audio.ogg
AudioLeadIn: 0
PreviewTime: 60389
Countdown: 0
SampleSet: Soft
StackLeniency: 0.7
Mode: 3
LetterboxInBreaks: 0
SpecialStyle: 0
WidescreenStoryboard: 1

[Editor]
Bookmarks: 89969,118625,161611,175939,190267,233252
DistanceSpacing: 1.3
BeatDivisor: 4
GridSize: 32
TimelineZoom: 1.8

[Metadata]
Title:last fortune
TitleUnicode:last fortune
Artist:fripSide
ArtistUnicode:fripSide
Creator:eZmmR
Version:Lv.20
Source:ティンクル☆くるせいだーす -Passion Star Stream-
Tags:Twinkle ☆ Crusaders Lillian クルくる kurukuru PSS Venus Embryo 南條 愛乃 nanjou nanjo yoshino Satoshi Yaginuma 八木沼 悟志 way to answer opening op eroge vn visual novel videogame video game jpop pop j-pop japanese onta_bekasi cicada sorairo -soraIro- dh drum-hitnormal dudehacker
BeatmapID:5645125
BeatmapSetID:2546806

[Difficulty]
HPDrainRate:7.5
CircleSize:4
OverallDifficulty:6.7
ApproachRate:5
SliderMultiplier:1.7
SliderTickRate:1

[Events]
//Background and Video events
0,0,"twinkle2.jpg",0,0
//Break Periods
//Storyboard Layer 0 (Background)
//Storyboard Layer 1 (Fail)
//Storyboard Layer 2 (Pass)
//Storyboard Layer 3 (Foreground)
//Storyboard Layer 4 (Overlay)
//Storyboard Sound Samples

[TimingPoints]
417,447.761194029851,4,2,1,25,1,0
61312,-100,4,2,1,25,0,1
89969,-100,4,2,1,25,0,0
132954,-100,4,2,1,25,0,1
161611,-100,4,2,1,25,0,0
233252,-100,4,2,1,25,0,1
261909,-100,4,2,1,25,0,0


[HitObjects]
64,192,417,5,0,0:0:0:0:
448,192,417,1,0,0:0:0:0:
192,192,640,1,0,0:0:0:0:
320,192,864,1,0,0:0:0:0:
448,192,1088,128,0,1536:0:0:0:0:
64,192,1088,1,0,0:0:0:0:
320,192,1536,1,0,0:0:0:0:
192,192,1760,1,0,0:0:0:0:
64,192,1760,1,0,0:0:0:0:
320,192,1984,1,0,0:0:0:0:
64,192,2208,1,0,0:0:0:0:
192,192,2208,1,0,0:0:0:0:
448,192,2431,1,0,0:0:0:0:
320,192,2655,1,0,0:0:0:0:
192,192,2879,1,0,0:0:0:0:
64,192,3103,128,0,3999:0:0:0:0:
320,192,3999,1,0,0:0:0:0:
448,192,3999,1,0,0:0:0:0:
192,192,4222,1,0,0:0:0:0:
320,192,4446,1,0,0:0:0:0:
448,192,4670,1,0,0:0:0:0:
320,192,4782,1,0,0:0:0:0:
192,192,4894,1,0,0:0:0:0:
64,192,4894,1,0,0:0:0:0:
320,192,5118,1,0,0:0:0:0:
448,192,5342,1,0,0:0:0:0:
64,192,5342,1,0,0:0:0:0:
192,192,5566,1,0,0:0:0:0:
64,192,5790,1,0,0:0:0:0:
448,192,5790,1,0,0:0:0:0:
320,192,6014,1,0,0:0:0:0:
192,192,6237,1,0,0:0:0:0:
64,192,6461,1,0,0:0:0:0:
320,192,6461,1,0,0:0:0:0:
192,192,6685,1,0,0:0:0:0:
448,192,6685,1,0,0:0:0:0:
320,192,6909,1,0,0:0:0:0:
192,192,7133,1,0,0:0:0:0:
64,192,7357,1,0,0:0:0:0:
320,192,7581,1,0,0:0:0:0:
448,192,7581,1,0,0:0:0:0:
192,192,7805,1,0,0:0:0:0:
320,192,8028,1,0,0:0:0:0:
448,192,8252,1,0,0:0:0:0:
64,192,8252,128,0,8700:0:0:0:0:
192,192,8700,1,0,0:0:0:0:
320,192,8924,1,0,0:0:0:0:
448,192,8924,1,0,0:0:0:0:
192,192,9148,1,0,0:0:0:0:
448,192,9372,1,0,0:0:0:0:
320,192,9372,1,0,0:0:0:0:
64,192,9596,1,0,0:0:0:0:
192,192,9819,1,0,0:0:0:0:
320,192,10043,1,0,0:0:0:0:
448,192,10043,128,0,10491:0:0:0:0:
320,192,10491,1,0,0:0:0:0:
192,192,10715,1,0,0:0:0:0:
64,192,10715,1,0,0:0:0:0:
320,192,10939,1,0,0:0:0:0:
64,192,11163,1,0,0:0:0:0:
192,192,11163,1,0,0:0:0:0:
448,192,11387,1,0,0:0:0:0:
320,192,11611,1,0,0:0:0:0:
192,192,11834,1,0,0:0:0:0:
64,192,12058,1,0,0:0:0:0:
320,192,12282,1,0,0:0:0:0:
448,192,12506,1,0,0:0:0:0:
64,192,12730,1,0,0:0:0:0:
320,192,12954,1,0,0:0:0:0:
448,192,12954,1,0,0:0:0:0:
192,192,13178,1,0,0:0:0:0:
192,192,13625,128,0,14521:0:0:0:0:
320,192,14521,1,0,0:0:0:0:
448,192,14521,1,0,0:0:0:0:
192,192,14633,1,0,0:0:0:0:
64,192,14745,128,0,15081:0:0:0:0:
448,192,14745,128,0,15081:0:0:0:0:
192,192,15081,1,0,0:0:0:0:
320,192,15081,1,0,0:0:0:0:
64,192,15193,128,0,15305:0:0:0:0:
448,192,15193,128,0,15305:0:0:0:0:
320,192,15417,128,0,15528:0:0:0:0:
64,192,15417,128,0,15528:0:0:0:0:
448,192,15640,128,0,15752:0:0:0:0:
192,192,15640,128,0,15752:0:0:0:0:
448,192,15864,128,0,15976:0:0:0:0:
320,192,15864,128,0,15976:0:0:0:0:
192,192,16088,1,0,0:0:0:0:
64,192,16088,1,0,0:0:0:0:
320,192,16200,1,0,0:0:0:0:
448,192,16312,1,0,0:0:0:0:
64,192,16312,1,0,0:0:0:0:
192,192,16424,1,0,0:0:0:0:
320,192,16536,128,0,16760:0:0:0:0:
448,192,16536,128,0,16648:0:0:0:0:
192,192,16648,128,0,16872:0:0:0:0:
64,192,16760,128,0,16984:0:0:0:0:
448,192,16872,128,0,17096:0:0:0:0:
320,192,16984,128,0,17208:0:0:0:0:
192,192,17096,128,0,17319:0:0:0:0:
64,192,17208,128,0,17431:0:0:0:0:
448,192,17319,128,0,17543:0:0:0:0:
320,192,17431,128,0,17655:0:0:0:0:
192,192,17543,128,0,17767:0:0:0:0:
64,192,17655,128,0,17767:0:0:0:0:
448,192,17767,128,0,17879:0:0:0:0:
64,192,17879,1,0,0:0:0:0:
192,192,17879,128,0,17991:0:0:0:0:
320,192,17991,128,0,18103:0:0:0:0:
448,192,18103,128,0,18215:0:0:0:0:
64,192,18103,1,0,0:0:0:0:
192,192,18215,1,0,0:0:0:0:
64,192,18327,128,0,18663:0:0:0:0:
448,192,18327,1,0,0:0:0:0:
320,192,18327,1,0,0:0:0:0:
320,192,18551,1,0,0:0:0:0:
64,192,18775,1,0,0:0:0:0:
192,192,18775,128,0,19111:0:0:0:0:
448,192,18999,1,0,0:0:0:0:
192,192,19222,1,0,0:0:0:0:
320,192,19222,128,0,19558:0:0:0:0:
64,192,19446,1,0,0:0:0:0:
320,192,19670,1,0,0:0:0:0:
448,192,19670,128,0,20006:0:0:0:0:
192,192,19894,1,0,0:0:0:0:
64,192,20118,128,0,20454:0:0:0:0:
448,192,20118,1,0,0:0:0:0:
320,192,20342,1,0,0:0:0:0:
64,192,20566,1,0,0:0:0:0:
192,192,20566,128,0,20902:0:0:0:0:
320,192,20678,128,0,20902:0:0:0:0:
448,192,20790,128,0,20902:0:0:0:0:
448,192,21014,1,0,0:0:0:0:
320,192,21014,128,0,21349:0:0:0:0:
192,192,21125,128,0,21349:0:0:0:0:
64,192,21237,128,0,21349:0:0:0:0:
192,192,21461,128,0,21797:0:0:0:0:
448,192,21461,1,0,0:0:0:0:
64,192,21685,1,0,0:0:0:0:
448,192,21685,128,0,21797:0:0:0:0:
192,192,21909,1,0,0:0:0:0:
320,192,21909,128,0,22245:0:0:0:0:
64,192,22021,128,0,22245:0:0:0:0:
448,192,22133,128,0,22245:0:0:0:0:
64,192,22357,128,0,22693:0:0:0:0:
448,192,22357,1,0,0:0:0:0:
320,192,22581,1,0,0:0:0:0:
64,192,22805,1,0,0:0:0:0:
192,192,22805,128,0,23140:0:0:0:0:
320,192,22917,128,0,23140:0:0:0:0:
448,192,23028,128,0,23140:0:0:0:0:
192,192,23252,128,0,23588:0:0:0:0:
320,192,23252,1,0,0:0:0:0:
448,192,23476,1,0,0:0:0:0:
192,192,23700,1,0,0:0:0:0:
64,192,23700,128,0,24036:0:0:0:0:
320,192,23924,1,0,0:0:0:0:
64,192,24148,1,0,0:0:0:0:
448,192,24148,128,0,24484:0:0:0:0:
320,192,24260,128,0,24484:0:0:0:0:
192,192,24372,128,0,24484:0:0:0:0:
64,192,24484,1,0,0:0:0:0:
448,192,24596,1,0,0:0:0:0:
320,192,24596,128,0,24931:0:0:0:0:
192,192,24708,128,0,24931:0:0:0:0:
64,192,24819,128,0,24931:0:0:0:0:
64,192,25043,1,0,0:0:0:0:
448,192,25043,1,0,0:0:0:0:
192,192,25155,1,0,0:0:0:0:
320,192,25267,1,0,0:0:0:0:
448,192,25267,1,0,0:0:0:0:
192,192,25379,1,0,0:0:0:0:
64,192,25491,1,0,0:0:0:0:
448,192,25491,128,0,25715:0:0:0:0:
320,192,25603,128,0,25827:0:0:0:0:
192,192,25715,128,0,26275:0:0:0:0:
64,192,25939,1,0,0:0:0:0:
448,192,25939,1,0,0:0:0:0:
448,192,26163,128,0,26275:0:0:0:0:
64,192,26387,1,0,0:0:0:0:
192,192,26387,128,0,26722:0:0:0:0:
320,192,26499,128,0,26722:0:0:0:0:
448,192,26611,128,0,26722:0:0:0:0:
64,192,26834,128,0,27170:0:0:0:0:
192,192,26834,1,0,0:0:0:0:
192,192,27058,1,0,0:0:0:0:
448,192,27058,128,0,27170:0:0:0:0:
448,192,27282,1,0,0:0:0:0:
64,192,27282,128,0,27506:0:0:0:0:
192,192,27394,128,0,27618:0:0:0:0:
320,192,27506,128,0,28066:0:0:0:0:
448,192,27730,1,0,0:0:0:0:
64,192,27730,1,0,0:0:0:0:
64,192,27954,128,0,28066:0:0:0:0:
448,192,28178,1,0,0:0:0:0:
320,192,28178,128,0,28514:0:0:0:0:
192,192,28290,128,0,28514:0:0:0:0:
64,192,28402,128,0,28514:0:0:0:0:
448,192,28625,128,0,28961:0:0:0:0:
320,192,28625,1,0,0:0:0:0:
320,192,28849,1,0,0:0:0:0:
64,192,28849,128,0,28961:0:0:0:0:
64,192,29073,1,0,0:0:0:0:
448,192,29073,128,0,29297:0:0:0:0:
320,192,29185,128,0,29409:0:0:0:0:
192,192,29297,128,0,30864:0:0:0:0:
64,192,29521,1,0,0:0:0:0:
448,192,29521,1,0,0:0:0:0:
320,192,29745,1,0,0:0:0:0:
448,192,29969,1,0,0:0:0:0:
64,192,29969,1,0,0:0:0:0:
320,192,30193,1,0,0:0:0:0:
448,192,30417,1,0,0:0:0:0:
64,192,30417,1,0,0:0:0:0:
320,192,30640,1,0,0:0:0:0:
64,192,30864,1,0,0:0:0:0:
448,192,30864,1,0,0:0:0:0:
320,192,31088,1,0,0:0:0:0:
64,192,31200,1,0,0:0:0:0:
192,192,31200,1,0,0:0:0:0:
320,192,31312,1,0,0:0:0:0:
448,192,31312,128,0,31648:0:0:0:0:
192,192,31536,128,0,32096:0:0:0:0:
64,192,31536,1,0,0:0:0:0:
448,192,31760,1,0,0:0:0:0:
64,192,31760,128,0,32096:0:0:0:0:
320,192,31984,1,0,0:0:0:0:
448,192,31984,128,0,32096:0:0:0:0:
192,192,32208,128,0,32543:0:0:0:0:
64,192,32208,128,0,32543:0:0:0:0:
448,192,32208,128,0,32543:0:0:0:0:
448,192,32655,1,0,0:0:0:0:
320,192,32655,1,0,0:0:0:0:
192,192,32655,128,0,32879:0:0:0:0:
320,192,32879,128,0,32991:0:0:0:0:
448,192,32991,128,0,33551:0:0:0:0:
64,192,33103,1,0,0:0:0:0:
192,192,33103,1,0,0:0:0:0:
192,192,33327,128,0,33551:0:0:0:0:
320,192,33551,1,0,0:0:0:0:
64,192,33551,128,0,34222:0:0:0:0:
192,192,33775,128,0,33999:0:0:0:0:
448,192,33999,1,0,0:0:0:0:
320,192,33999,128,0,34446:0:0:0:0:
192,192,34222,128,0,34446:0:0:0:0:
64,192,34446,1,0,0:0:0:0:
448,192,34446,128,0,34670:0:0:0:0:
320,192,34670,128,0,34782:0:0:0:0:
192,192,34782,128,0,35342:0:0:0:0:
64,192,34894,1,0,0:0:0:0:
448,192,34894,1,0,0:0:0:0:
320,192,35118,128,0,35342:0:0:0:0:
64,192,35342,1,0,0:0:0:0:
448,192,35342,128,0,35790:0:0:0:0:
192,192,35566,1,0,0:0:0:0:
320,192,35790,1,0,0:0:0:0:
64,192,35790,128,0,36014:0:0:0:0:
320,192,36014,1,0,0:0:0:0:
448,192,36014,128,0,36237:0:0:0:0:
64,192,36237,1,0,0:0:0:0:
192,192,36237,128,0,36685:0:0:0:0:
448,192,36461,1,0,0:0:0:0:
320,192,36685,1,0,0:0:0:0:
64,192,36685,128,0,37133:0:0:0:0:
320,192,36909,1,0,0:0:0:0:
192,192,37133,1,0,0:0:0:0:
448,192,37133,128,0,37581:0:0:0:0:
64,192,37357,128,0,37805:0:0:0:0:
192,192,37581,1,0,0:0:0:0:
320,192,37581,128,0,38028:0:0:0:0:
448,192,37805,128,0,38028:0:0:0:0:
64,192,38028,1,0,0:0:0:0:
192,192,38028,128,0,38252:0:0:0:0:
320,192,38252,128,0,38364:0:0:0:0:
448,192,38364,128,0,38812:0:0:0:0:
192,192,38476,1,0,0:0:0:0:
64,192,38476,1,0,0:0:0:0:
320,192,38700,128,0,38812:0:0:0:0:
192,192,38812,1,0,0:0:0:0:
64,192,38812,1,0,0:0:0:0:
320,192,38924,1,0,0:0:0:0:
448,192,38924,128,0,39372:0:0:0:0:
64,192,39148,1,0,0:0:0:0:
192,192,39148,1,0,0:0:0:0:
192,192,39372,1,0,0:0:0:0:
320,192,39372,1,0,0:0:0:0:
448,192,39596,1,0,0:0:0:0:
320,192,39596,1,0,0:0:0:0:
192,192,39708,1,0,0:0:0:0:
448,192,39819,1,0,0:0:0:0:
64,192,39819,128,0,40267:0:0:0:0:
320,192,40043,1,0,0:0:0:0:
192,192,40267,1,0,0:0:0:0:
448,192,40267,128,0,40715:0:0:0:0:
320,192,40491,128,0,40715:0:0:0:0:
64,192,40715,1,0,0:0:0:0:
192,192,40715,128,0,41051:0:0:0:0:
320,192,40827,128,0,41051:0:0:0:0:
448,192,40939,128,0,41051:0:0:0:0:
64,192,41051,128,0,41499:0:0:0:0:
448,192,41163,1,0,0:0:0:0:
320,192,41163,1,0,0:0:0:0:
320,192,41387,1,0,0:0:0:0:
64,192,41611,1,0,0:0:0:0:
448,192,41611,128,0,42058:0:0:0:0:
192,192,41834,1,0,0:0:0:0:
320,192,42058,1,0,0:0:0:0:
64,192,42058,128,0,42506:0:0:0:0:
192,192,42282,128,0,42506:0:0:0:0:
448,192,42506,1,0,0:0:0:0:
320,192,42506,128,0,42842:0:0:0:0:
192,192,42618,128,0,42842:0:0:0:0:
64,192,42730,128,0,42842:0:0:0:0:
448,192,42842,128,0,43066:0:0:0:0:
192,192,42954,1,0,0:0:0:0:
64,192,42954,128,0,43178:0:0:0:0:
192,192,43178,1,0,0:0:0:0:
448,192,43178,128,0,43402:0:0:0:0:
320,192,43402,1,0,0:0:0:0:
64,192,43402,128,0,43849:0:0:0:0:
320,192,43625,1,0,0:0:0:0:
448,192,43849,128,0,44297:0:0:0:0:
192,192,43849,1,0,0:0:0:0:
192,192,44073,1,0,0:0:0:0:
320,192,44297,1,0,0:0:0:0:
64,192,44297,128,0,44745:0:0:0:0:
192,192,44521,128,0,44969:0:0:0:0:
448,192,44745,1,0,0:0:0:0:
320,192,44745,128,0,45193:0:0:0:0:
64,192,44969,128,0,45193:0:0:0:0:
192,192,45193,1,0,0:0:0:0:
448,192,45193,128,0,45417:0:0:0:0:
320,192,45417,128,0,45528:0:0:0:0:
192,192,45528,128,0,45976:0:0:0:0:
448,192,45640,1,0,0:0:0:0:
64,192,45640,1,0,0:0:0:0:
320,192,45864,128,0,45976:0:0:0:0:
448,192,45976,1,0,0:0:0:0:
64,192,45976,1,0,0:0:0:0:
192,192,46088,128,0,46424:0:0:0:0:
320,192,46088,128,0,46424:0:0:0:0:
64,192,46312,1,0,0:0:0:0:
448,192,46312,1,0,0:0:0:0:
448,192,46536,128,0,46872:0:0:0:0:
64,192,46536,128,0,46760:0:0:0:0:
192,192,46760,128,0,46872:0:0:0:0:
320,192,46760,128,0,46872:0:0:0:0:
64,192,46872,1,0,0:0:0:0:
448,192,46984,1,0,0:0:0:0:
320,192,46984,128,0,47319:0:0:0:0:
192,192,47208,128,0,47431:0:0:0:0:
64,192,47319,128,0,47767:0:0:0:0:
448,192,47431,1,0,0:0:0:0:
320,192,47431,1,0,0:0:0:0:
192,192,47655,128,0,47767:0:0:0:0:
448,192,47879,1,0,0:0:0:0:
320,192,47879,128,0,48215:0:0:0:0:
192,192,48103,128,0,48327:0:0:0:0:
64,192,48215,128,0,48663:0:0:0:0:
448,192,48327,1,0,0:0:0:0:
320,192,48327,1,0,0:0:0:0:
192,192,48551,128,0,48663:0:0:0:0:
320,192,48775,1,0,0:0:0:0:
448,192,48775,128,0,49111:0:0:0:0:
320,192,48999,128,0,49222:0:0:0:0:
192,192,49111,128,0,49558:0:0:0:0:
448,192,49222,1,0,0:0:0:0:
64,192,49222,1,0,0:0:0:0:
320,192,49446,128,0,49558:0:0:0:0:
448,192,49670,128,0,50006:0:0:0:0:
64,192,49670,1,0,0:0:0:0:
192,192,49782,1,0,0:0:0:0:
320,192,49894,1,0,0:0:0:0:
192,192,50118,1,0,0:0:0:0:
448,192,50118,128,0,50454:0:0:0:0:
320,192,50342,1,0,0:0:0:0:
192,192,50342,128,0,50454:0:0:0:0:
192,192,50566,1,0,0:0:0:0:
64,192,50566,128,0,50902:0:0:0:0:
320,192,50790,1,0,0:0:0:0:
64,192,51014,1,0,0:0:0:0:
448,192,51014,128,0,51349:0:0:0:0:
192,192,51237,1,0,0:0:0:0:
448,192,51461,1,0,0:0:0:0:
64,192,51461,128,0,51797:0:0:0:0:
192,192,51685,128,0,51909:0:0:0:0:
320,192,51797,128,0,52245:0:0:0:0:
64,192,51909,1,0,0:0:0:0:
448,192,51909,1,0,0:0:0:0:
192,192,52133,128,0,52245:0:0:0:0:
64,192,52357,1,0,0:0:0:0:
448,192,52357,128,0,52693:0:0:0:0:
320,192,52581,128,0,52805:0:0:0:0:
192,192,52693,128,0,53140:0:0:0:0:
448,192,52805,1,0,0:0:0:0:
64,192,52805,1,0,0:0:0:0:
320,192,53028,128,0,53140:0:0:0:0:
64,192,53140,1,0,0:0:0:0:
448,192,53140,1,0,0:0:0:0:
192,192,53252,128,0,53588:0:0:0:0:
320,192,53252,128,0,53588:0:0:0:0:
448,192,53476,1,0,0:0:0:0:
64,192,53476,1,0,0:0:0:0:
64,192,53700,128,0,54036:0:0:0:0:
192,192,53700,128,0,53924:0:0:0:0:
448,192,53924,128,0,54036:0:0:0:0:
320,192,53924,128,0,54036:0:0:0:0:
192,192,54036,1,0,0:0:0:0:
64,192,54148,1,0,0:0:0:0:
448,192,54148,128,0,54484:0:0:0:0:
320,192,54372,128,0,54596:0:0:0:0:
192,192,54484,128,0,54931:0:0:0:0:
448,192,54596,1,0,0:0:0:0:
64,192,54596,1,0,0:0:0:0:
320,192,54819,128,0,54931:0:0:0:0:
192,192,55043,1,0,0:0:0:0:
64,192,55043,128,0,55379:0:0:0:0:
320,192,55267,1,0,0:0:0:0:
64,192,55491,1,0,0:0:0:0:
448,192,55491,128,0,55827:0:0:0:0:
64,192,55715,128,0,56051:0:0:0:0:
448,192,55939,1,0,0:0:0:0:
320,192,55939,128,0,56275:0:0:0:0:
192,192,56163,128,0,56387:0:0:0:0:
64,192,56275,128,0,56722:0:0:0:0:
448,192,56387,1,0,0:0:0:0:
320,192,56387,1,0,0:0:0:0:
192,192,56611,128,0,56722:0:0:0:0:
320,192,56834,128,0,57170:0:0:0:0:
64,192,56834,1,0,0:0:0:0:
448,192,56946,1,0,0:0:0:0:
192,192,57058,128,0,57282:0:0:0:0:
64,192,57170,128,0,57618:0:0:0:0:
448,192,57282,1,0,0:0:0:0:
320,192,57282,1,0,0:0:0:0:
320,192,57506,1,0,0:0:0:0:
448,192,57506,128,0,57842:0:0:0:0:
192,192,57730,1,0,0:0:0:0:
64,192,57730,128,0,58066:0:0:0:0:
192,192,57954,128,0,58178:0:0:0:0:
320,192,58066,128,0,58514:0:0:0:0:
448,192,58178,1,0,0:0:0:0:
64,192,58178,1,0,0:0:0:0:
192,192,58402,128,0,58514:0:0:0:0:
64,192,58625,1,0,0:0:0:0:
448,192,58625,128,0,58961:0:0:0:0:
320,192,58849,128,0,59073:0:0:0:0:
192,192,58961,128,0,59409:0:0:0:0:
64,192,59073,1,0,0:0:0:0:
448,192,59073,1,0,0:0:0:0:
320,192,59297,128,0,59409:0:0:0:0:
64,192,59521,1,0,0:0:0:0:
448,192,59521,128,0,60193:0:0:0:0:
64,192,59745,1,0,0:0:0:0:
320,192,59857,1,0,0:0:0:0:
192,192,59969,1,0,0:0:0:0:
64,192,59969,1,0,0:0:0:0:
320,192,60193,5,0,0:0:0:0:
192,192,60305,1,0,0:0:0:0:
64,192,60305,1,0,0:0:0:0:
320,192,60417,1,0,0:0:0:0:
448,192,60417,128,0,60752:0:0:0:0:
192,192,60528,1,0,0:0:0:0:
64,192,60640,1,0,0:0:0:0:
320,192,60752,1,0,0:0:0:0:
192,192,60864,1,0,0:0:0:0:
64,192,60864,128,0,61200:0:0:0:0:
448,192,60976,1,0,0:0:0:0:
320,192,61088,1,0,0:0:0:0:
192,192,61200,1,0,0:0:0:0:
64,192,61312,5,0,0:0:0:0:
320,192,61312,1,0,0:0:0:0:
448,192,61312,128,0,61536:0:0:0:0:
320,192,61536,1,0,0:0:0:0:
192,192,61648,128,0,62096:0:0:0:0:
448,192,61760,1,0,0:0:0:0:
64,192,61760,128,0,61984:0:0:0:0:
320,192,61984,128,0,62208:0:0:0:0:
448,192,62208,1,0,0:0:0:0:
64,192,62208,128,0,62431:0:0:0:0:
192,192,62431,1,0,0:0:0:0:
320,192,62543,128,0,62991:0:0:0:0:
64,192,62655,1,0,0:0:0:0:
448,192,62655,128,0,62879:0:0:0:0:
192,192,62879,128,0,63103:0:0:0:0:
64,192,63103,1,0,0:0:0:0:
448,192,63103,128,0,63327:0:0:0:0:
320,192,63327,1,0,0:0:0:0:
192,192,63439,128,0,63887:0:0:0:0:
448,192,63551,1,0,0:0:0:0:
64,192,63551,128,0,63775:0:0:0:0:
320,192,63775,128,0,63999:0:0:0:0:
448,192,63999,1,0,0:0:0:0:
64,192,63999,128,0,64334:0:0:0:0:
192,192,64111,1,0,0:0:0:0:
320,192,64222,128,0,64334:0:0:0:0:
448,192,64446,128,0,64782:0:0:0:0:
192,192,64446,1,0,0:0:0:0:
320,192,64670,1,0,0:0:0:0:
192,192,64670,128,0,64782:0:0:0:0:
448,192,64894,1,0,0:0:0:0:
320,192,64894,1,0,0:0:0:0:
64,192,64894,128,0,65118:0:0:0:0:
192,192,65118,1,0,0:0:0:0:
320,192,65230,128,0,65678:0:0:0:0:
64,192,65342,1,0,0:0:0:0:
448,192,65342,128,0,65566:0:0:0:0:
192,192,65566,128,0,65790:0:0:0:0:
64,192,65790,1,0,0:0:0:0:
448,192,65790,128,0,66014:0:0:0:0:
320,192,66014,1,0,0:0:0:0:
192,192,66125,128,0,66573:0:0:0:0:
448,192,66237,1,0,0:0:0:0:
64,192,66237,128,0,66461:0:0:0:0:
320,192,66461,128,0,66685:0:0:0:0:
448,192,66685,1,0,0:0:0:0:
64,192,66685,128,0,66909:0:0:0:0:
192,192,66909,1,0,0:0:0:0:
320,192,67021,128,0,67469:0:0:0:0:
64,192,67133,1,0,0:0:0:0:
448,192,67133,128,0,67357:0:0:0:0:
192,192,67357,128,0,67469:0:0:0:0:
64,192,67469,1,0,0:0:0:0:
448,192,67469,1,0,0:0:0:0:
320,192,67581,128,0,67917:0:0:0:0:
192,192,67581,128,0,67917:0:0:0:0:
448,192,67805,1,0,0:0:0:0:
64,192,67805,1,0,0:0:0:0:
64,192,68028,128,0,68364:0:0:0:0:
448,192,68028,128,0,68252:0:0:0:0:
320,192,68252,128,0,68364:0:0:0:0:
192,192,68252,128,0,68364:0:0:0:0:
448,192,68364,1,0,0:0:0:0:
64,192,68476,1,0,0:0:0:0:
192,192,68476,128,0,68700:0:0:0:0:
320,192,68700,1,0,0:0:0:0:
448,192,68812,128,0,69372:0:0:0:0:
192,192,68924,1,0,0:0:0:0:
64,192,68924,128,0,69260:0:0:0:0:
320,192,69148,128,0,69484:0:0:0:0:
64,192,69372,1,0,0:0:0:0:
192,192,69372,128,0,69708:0:0:0:0:
448,192,69596,128,0,69708:0:0:0:0:
448,192,69819,1,0,0:0:0:0:
192,192,69819,1,0,0:0:0:0:
320,192,70043,128,0,70379:0:0:0:0:
192,192,70267,1,0,0:0:0:0:
64,192,70267,128,0,71051:0:0:0:0:
320,192,70491,128,0,70603:0:0:0:0:
448,192,70715,1,0,0:0:0:0:
192,192,70715,128,0,71051:0:0:0:0:
320,192,70939,128,0,71051:0:0:0:0:
448,192,71163,1,0,0:0:0:0:
64,192,71163,128,0,71387:0:0:0:0:
320,192,71275,1,0,0:0:0:0:
192,192,71387,1,0,0:0:0:0:
320,192,71499,128,0,71946:0:0:0:0:
64,192,71611,1,0,0:0:0:0:
448,192,71611,128,0,71834:0:0:0:0:
192,192,71834,128,0,72170:0:0:0:0:
64,192,71946,1,0,0:0:0:0:
448,192,72058,128,0,73849:0:0:0:0:
320,192,72058,1,0,0:0:0:0:
192,192,72282,1,0,0:0:0:0:
320,192,72506,1,0,0:0:0:0:
64,192,72506,1,0,0:0:0:0:
64,192,72730,1,0,0:0:0:0:
320,192,72954,1,0,0:0:0:0:
192,192,72954,1,0,0:0:0:0:
64,192,73178,1,0,0:0:0:0:
320,192,73402,1,0,0:0:0:0:
192,192,73402,1,0,0:0:0:0:
192,192,73625,1,0,0:0:0:0:
64,192,73849,1,0,0:0:0:0:
320,192,73849,1,0,0:0:0:0:
448,192,74185,1,0,0:0:0:0:
320,192,74185,1,0,0:0:0:0:
192,192,74297,1,0,0:0:0:0:
64,192,74297,1,0,0:0:0:0:
320,192,74521,1,0,0:0:0:0:
448,192,74521,128,0,74857:0:0:0:0:
192,192,74745,1,0,0:0:0:0:
64,192,74745,128,0,75081:0:0:0:0:
448,192,74969,1,0,0:0:0:0:
320,192,74969,128,0,75193:0:0:0:0:
192,192,75193,1,0,0:0:0:0:
64,192,75193,128,0,75417:0:0:0:0:
448,192,75305,128,0,75417:0:0:0:0:
192,192,75417,128,0,75528:0:0:0:0:
320,192,75528,128,0,75640:0:0:0:0:
64,192,75640,1,0,0:0:0:0:
448,192,75640,128,0,76424:0:0:0:0:
192,192,75864,128,0,75976:0:0:0:0:
320,192,76088,1,0,0:0:0:0:
64,192,76088,1,0,0:0:0:0:
192,192,76312,128,0,76648:0:0:0:0:
448,192,76536,1,0,0:0:0:0:
320,192,76536,128,0,76872:0:0:0:0:
64,192,76760,128,0,77096:0:0:0:0:
448,192,76984,1,0,0:0:0:0:
320,192,76984,128,0,77319:0:0:0:0:
192,192,77208,128,0,77543:0:0:0:0:
64,192,77431,1,0,0:0:0:0:
448,192,77431,128,0,77991:0:0:0:0:
192,192,77655,128,0,77767:0:0:0:0:
64,192,77879,1,0,0:0:0:0:
320,192,77879,128,0,78439:0:0:0:0:
448,192,78103,128,0,78215:0:0:0:0:
64,192,78327,1,0,0:0:0:0:
192,192,78327,128,0,78887:0:0:0:0:
320,192,78551,128,0,78663:0:0:0:0:
64,192,78775,1,0,0:0:0:0:
448,192,78775,128,0,79111:0:0:0:0:
64,192,78999,128,0,79111:0:0:0:0:
320,192,78999,1,0,0:0:0:0:
448,192,79222,1,0,0:0:0:0:
192,192,79222,128,0,79446:0:0:0:0:
320,192,79446,1,0,0:0:0:0:
448,192,79558,128,0,80006:0:0:0:0:
192,192,79670,1,0,0:0:0:0:
64,192,79670,1,0,0:0:0:0:
192,192,79894,128,0,80006:0:0:0:0:
64,192,80118,1,0,0:0:0:0:
320,192,80118,128,0,80342:0:0:0:0:
192,192,80342,1,0,0:0:0:0:
64,192,80454,128,0,80902:0:0:0:0:
320,192,80566,1,0,0:0:0:0:
448,192,80566,1,0,0:0:0:0:
320,192,80790,128,0,80902:0:0:0:0:
448,192,81014,1,0,0:0:0:0:
192,192,81014,128,0,81797:0:0:0:0:
64,192,81237,128,0,81349:0:0:0:0:
320,192,81461,1,0,0:0:0:0:
448,192,81461,1,0,0:0:0:0:
64,192,81685,128,0,81797:0:0:0:0:
448,192,81797,1,0,0:0:0:0:
320,192,81797,1,0,0:0:0:0:
64,192,81909,1,0,0:0:0:0:
192,192,81909,128,0,82245:0:0:0:0:
320,192,82133,128,0,82245:0:0:0:0:
448,192,82133,1,0,0:0:0:0:
448,192,82357,1,0,0:0:0:0:
64,192,82357,128,0,82693:0:0:0:0:
192,192,82581,1,0,0:0:0:0:
320,192,82581,128,0,82693:0:0:0:0:
448,192,82693,1,0,0:0:0:0:
64,192,82805,1,0,0:0:0:0:
320,192,82805,128,0,83364:0:0:0:0:
192,192,83028,128,0,83140:0:0:0:0:
64,192,83252,1,0,0:0:0:0:
448,192,83252,128,0,83812:0:0:0:0:
320,192,83476,128,0,83588:0:0:0:0:
64,192,83700,1,0,0:0:0:0:
192,192,83700,128,0,83924:0:0:0:0:
320,192,83924,1,0,0:0:0:0:
448,192,84036,128,0,84484:0:0:0:0:
192,192,84148,1,0,0:0:0:0:
64,192,84148,1,0,0:0:0:0:
192,192,84372,128,0,84484:0:0:0:0:
448,192,84596,1,0,0:0:0:0:
192,192,84596,128,0,85155:0:0:0:0:
320,192,84819,128,0,84931:0:0:0:0:
448,192,85043,1,0,0:0:0:0:
64,192,85043,128,0,85603:0:0:0:0:
192,192,85267,128,0,85379:0:0:0:0:
448,192,85491,1,0,0:0:0:0:
320,192,85491,128,0,85715:0:0:0:0:
192,192,85715,1,0,0:0:0:0:
64,192,85827,128,0,86275:0:0:0:0:
320,192,85939,1,0,0:0:0:0:
448,192,85939,1,0,0:0:0:0:
320,192,86163,1,0,0:0:0:0:
448,192,86163,128,0,86275:0:0:0:0:
192,192,86275,1,0,0:0:0:0:
448,192,86387,128,0,86722:0:0:0:0:
64,192,86387,128,0,86722:0:0:0:0:
320,192,86611,128,0,86834:0:0:0:0:
192,192,86722,128,0,86834:0:0:0:0:
64,192,86834,128,0,87170:0:0:0:0:
448,192,86834,128,0,87170:0:0:0:0:
320,192,86946,1,0,0:0:0:0:
192,192,87058,128,0,87282:0:0:0:0:
320,192,87170,128,0,87282:0:0:0:0:
448,192,87282,128,0,87618:0:0:0:0:
64,192,87282,128,0,87618:0:0:0:0:
192,192,87394,1,0,0:0:0:0:
320,192,87506,128,0,87730:0:0:0:0:
192,192,87618,128,0,87730:0:0:0:0:
64,192,87730,128,0,88066:0:0:0:0:
448,192,87730,128,0,88066:0:0:0:0:
320,192,87842,1,0,0:0:0:0:
192,192,87954,128,0,88178:0:0:0:0:
320,192,88066,128,0,88178:0:0:0:0:
64,192,88178,1,0,0:0:0:0:
448,192,88178,128,0,88514:0:0:0:0:
192,192,88290,1,0,0:0:0:0:
320,192,88402,1,0,0:0:0:0:
64,192,88514,1,0,0:0:0:0:
192,192,88514,1,0,0:0:0:0:
448,192,88625,1,0,0:0:0:0:
320,192,88625,128,0,88961:0:0:0:0:
64,192,88737,1,0,0:0:0:0:
448,192,88849,128,0,88961:0:0:0:0:
64,192,88961,1,0,0:0:0:0:
192,192,89073,128,0,89409:0:0:0:0:
448,192,89073,1,0,0:0:0:0:
320,192,89185,1,0,0:0:0:0:
64,192,89297,128,0,89409:0:0:0:0:
320,192,89409,1,0,0:0:0:0:
448,192,89521,1,0,0:0:0:0:
64,192,89521,1,0,0:0:0:0:
192,192,89633,1,0,0:0:0:0:
320,192,89745,1,0,0:0:0:0:
192,192,89857,1,0,0:0:0:0:
448,192,89969,128,0,90305:0:0:0:0:
64,192,89969,1,0,0:0:0:0:
320,192,89969,1,0,0:0:0:0:
192,192,90193,1,0,0:0:0:0:
448,192,90417,1,0,0:0:0:0:
320,192,90417,128,0,90752:0:0:0:0:
64,192,90640,1,0,0:0:0:0:
320,192,90864,1,0,0:0:0:0:
192,192,90864,128,0,91200:0:0:0:0:
448,192,91088,1,0,0:0:0:0:
192,192,91312,1,0,0:0:0:0:
64,192,91312,128,0,91648:0:0:0:0:
320,192,91536,1,0,0:0:0:0:
448,192,91760,128,0,92096:0:0:0:0:
64,192,91760,1,0,0:0:0:0:
192,192,91984,1,0,0:0:0:0:
448,192,92208,1,0,0:0:0:0:
320,192,92208,128,0,92543:0:0:0:0:
192,192,92319,128,0,92543:0:0:0:0:
64,192,92431,128,0,92543:0:0:0:0:
64,192,92655,1,0,0:0:0:0:
192,192,92655,128,0,92991:0:0:0:0:
320,192,92767,128,0,92991:0:0:0:0:
448,192,92879,128,0,92991:0:0:0:0:
320,192,93103,128,0,93439:0:0:0:0:
64,192,93103,1,0,0:0:0:0:
448,192,93327,1,0,0:0:0:0:
64,192,93327,128,0,93439:0:0:0:0:
320,192,93551,1,0,0:0:0:0:
192,192,93551,128,0,93887:0:0:0:0:
448,192,93663,128,0,93887:0:0:0:0:
64,192,93775,128,0,93887:0:0:0:0:
448,192,93999,128,0,94334:0:0:0:0:
64,192,93999,1,0,0:0:0:0:
192,192,94222,1,0,0:0:0:0:
448,192,94446,1,0,0:0:0:0:
320,192,94446,128,0,94782:0:0:0:0:
192,192,94558,128,0,94782:0:0:0:0:
64,192,94670,128,0,94782:0:0:0:0:
320,192,94894,128,0,95230:0:0:0:0:
192,192,94894,1,0,0:0:0:0:
64,192,95118,1,0,0:0:0:0:
320,192,95342,1,0,0:0:0:0:
448,192,95342,128,0,95678:0:0:0:0:
192,192,95566,1,0,0:0:0:0:
448,192,95790,1,0,0:0:0:0:
64,192,95790,128,0,96125:0:0:0:0:
192,192,95902,128,0,96125:0:0:0:0:
320,192,96014,128,0,96125:0:0:0:0:
448,192,96125,1,0,0:0:0:0:
64,192,96237,1,0,0:0:0:0:
192,192,96237,128,0,96573:0:0:0:0:
320,192,96349,128,0,96573:0:0:0:0:
448,192,96461,128,0,96573:0:0:0:0:
448,192,96685,1,0,0:0:0:0:
64,192,96685,1,0,0:0:0:0:
320,192,96797,1,0,0:0:0:0:
192,192,96909,1,0,0:0:0:0:
64,192,96909,1,0,0:0:0:0:
320,192,97021,1,0,0:0:0:0:
448,192,97133,1,0,0:0:0:0:
64,192,97133,128,0,97357:0:0:0:0:
192,192,97245,128,0,97469:0:0:0:0:
320,192,97357,128,0,97917:0:0:0:0:
448,192,97581,1,0,0:0:0:0:
64,192,97581,1,0,0:0:0:0:
64,192,97805,128,0,97917:0:0:0:0:
448,192,98028,1,0,0:0:0:0:
320,192,98028,128,0,98364:0:0:0:0:
192,192,98140,128,0,98364:0:0:0:0:
64,192,98252,128,0,98364:0:0:0:0:
448,192,98476,128,0,98812:0:0:0:0:
320,192,98476,1,0,0:0:0:0:
320,192,98700,1,0,0:0:0:0:
64,192,98700,128,0,98812:0:0:0:0:
64,192,98924,1,0,0:0:0:0:
448,192,98924,128,0,99148:0:0:0:0:
320,192,99036,128,0,99260:0:0:0:0:
192,192,99148,128,0,99708:0:0:0:0:
64,192,99372,1,0,0:0:0:0:
448,192,99372,1,0,0:0:0:0:
448,192,99596,128,0,99708:0:0:0:0:
64,192,99819,1,0,0:0:0:0:
192,192,99819,128,0,100155:0:0:0:0:
320,192,99931,128,0,100155:0:0:0:0:
448,192,100043,128,0,100155:0:0:0:0:
64,192,100267,128,0,100603:0:0:0:0:
192,192,100267,1,0,0:0:0:0:
192,192,100491,1,0,0:0:0:0:
448,192,100491,128,0,100603:0:0:0:0:
448,192,100715,1,0,0:0:0:0:
64,192,100715,128,0,100939:0:0:0:0:
192,192,100827,128,0,101051:0:0:0:0:
320,192,100939,128,0,102506:0:0:0:0:
448,192,101163,1,0,0:0:0:0:
64,192,101163,1,0,0:0:0:0:
192,192,101387,1,0,0:0:0:0:
64,192,101611,1,0,0:0:0:0:
448,192,101611,1,0,0:0:0:0:
192,192,101834,1,0,0:0:0:0:
448,192,102058,1,0,0:0:0:0:
64,192,102058,1,0,0:0:0:0:
192,192,102282,1,0,0:0:0:0:
448,192,102506,1,0,0:0:0:0:
64,192,102506,1,0,0:0:0:0:
192,192,102730,1,0,0:0:0:0:
448,192,102842,1,0,0:0:0:0:
320,192,102842,1,0,0:0:0:0:
192,192,102954,1,0,0:0:0:0:
64,192,102954,128,0,103290:0:0:0:0:
320,192,103178,128,0,103737:0:0:0:0:
448,192,103178,1,0,0:0:0:0:
64,192,103402,1,0,0:0:0:0:
448,192,103402,128,0,103737:0:0:0:0:
192,192,103625,1,0,0:0:0:0:
64,192,103625,128,0,103737:0:0:0:0:
320,192,103849,128,0,104185:0:0:0:0:
448,192,103849,128,0,104185:0:0:0:0:
64,192,103849,128,0,104185:0:0:0:0:
448,192,104297,1,0,0:0:0:0:
64,192,104297,128,0,105193:0:0:0:0:
192,192,104297,1,0,0:0:0:0:
320,192,104521,1,0,0:0:0:0:
448,192,104745,1,0,0:0:0:0:
192,192,104745,1,0,0:0:0:0:
320,192,104969,1,0,0:0:0:0:
192,192,105193,1,0,0:0:0:0:
448,192,105193,128,0,105864:0:0:0:0:
320,192,105417,128,0,105640:0:0:0:0:
64,192,105640,1,0,0:0:0:0:
192,192,105640,128,0,106088:0:0:0:0:
320,192,105864,128,0,106088:0:0:0:0:
448,192,106088,1,0,0:0:0:0:
64,192,106088,128,0,106312:0:0:0:0:
192,192,106312,128,0,106424:0:0:0:0:
320,192,106424,128,0,106984:0:0:0:0:
448,192,106536,1,0,0:0:0:0:
64,192,106536,1,0,0:0:0:0:
192,192,106760,128,0,106984:0:0:0:0:
448,192,106984,1,0,0:0:0:0:
64,192,106984,128,0,107431:0:0:0:0:
320,192,107208,1,0,0:0:0:0:
192,192,107431,1,0,0:0:0:0:
448,192,107431,128,0,107655:0:0:0:0:
192,192,107655,1,0,0:0:0:0:
64,192,107655,128,0,107879:0:0:0:0:
448,192,107879,1,0,0:0:0:0:
320,192,107879,128,0,108327:0:0:0:0:
64,192,108103,1,0,0:0:0:0:
192,192,108327,1,0,0:0:0:0:
448,192,108327,128,0,108775:0:0:0:0:
192,192,108551,1,0,0:0:0:0:
320,192,108775,1,0,0:0:0:0:
64,192,108775,128,0,109222:0:0:0:0:
448,192,108999,128,0,109446:0:0:0:0:
320,192,109222,1,0,0:0:0:0:
192,192,109222,128,0,109670:0:0:0:0:
64,192,109446,128,0,109670:0:0:0:0:
448,192,109670,1,0,0:0:0:0:
320,192,109670,128,0,109894:0:0:0:0:
192,192,109894,128,0,110006:0:0:0:0:
64,192,110006,128,0,110454:0:0:0:0:
320,192,110118,1,0,0:0:0:0:
448,192,110118,1,0,0:0:0:0:
192,192,110342,128,0,110454:0:0:0:0:
320,192,110454,1,0,0:0:0:0:
448,192,110454,1,0,0:0:0:0:
192,192,110566,1,0,0:0:0:0:
64,192,110566,128,0,111014:0:0:0:0:
448,192,110790,1,0,0:0:0:0:
320,192,110790,1,0,0:0:0:0:
320,192,111014,1,0,0:0:0:0:
192,192,111014,1,0,0:0:0:0:
64,192,111237,1,0,0:0:0:0:
192,192,111237,1,0,0:0:0:0:
320,192,111349,1,0,0:0:0:0:
64,192,111461,1,0,0:0:0:0:
448,192,111461,128,0,111909:0:0:0:0:
192,192,111685,1,0,0:0:0:0:
320,192,111909,1,0,0:0:0:0:
64,192,111909,128,0,112357:0:0:0:0:
192,192,112133,128,0,112357:0:0:0:0:
448,192,112357,1,0,0:0:0:0:
320,192,112357,128,0,112693:0:0:0:0:
192,192,112469,128,0,112693:0:0:0:0:
64,192,112581,128,0,112693:0:0:0:0:
448,192,112693,128,0,113140:0:0:0:0:
64,192,112805,1,0,0:0:0:0:
192,192,112805,1,0,0:0:0:0:
192,192,113028,1,0,0:0:0:0:
448,192,113252,1,0,0:0:0:0:
64,192,113252,128,0,113700:0:0:0:0:
320,192,113476,1,0,0:0:0:0:
192,192,113700,1,0,0:0:0:0:
448,192,113700,128,0,114148:0:0:0:0:
320,192,113924,128,0,114148:0:0:0:0:
64,192,114148,1,0,0:0:0:0:
192,192,114148,128,0,114484:0:0:0:0:
320,192,114260,128,0,114484:0:0:0:0:
448,192,114372,128,0,114484:0:0:0:0:
64,192,114484,128,0,114708:0:0:0:0:
320,192,114596,1,0,0:0:0:0:
448,192,114596,128,0,114819:0:0:0:0:
320,192,114819,1,0,0:0:0:0:
64,192,114819,128,0,115043:0:0:0:0:
192,192,115043,1,0,0:0:0:0:
448,192,115043,128,0,115491:0:0:0:0:
192,192,115267,1,0,0:0:0:0:
64,192,115491,128,0,115939:0:0:0:0:
320,192,115491,1,0,0:0:0:0:
320,192,115715,1,0,0:0:0:0:
192,192,115939,1,0,0:0:0:0:
448,192,115939,128,0,116387:0:0:0:0:
320,192,116163,128,0,116611:0:0:0:0:
64,192,116387,1,0,0:0:0:0:
192,192,116387,128,0,116834:0:0:0:0:
448,192,116611,128,0,116834:0:0:0:0:
320,192,116834,1,0,0:0:0:0:
64,192,116834,128,0,117058:0:0:0:0:
192,192,117058,128,0,117170:0:0:0:0:
320,192,117170,128,0,117618:0:0:0:0:
64,192,117282,1,0,0:0:0:0:
448,192,117282,1,0,0:0:0:0:
192,192,117506,128,0,117618:0:0:0:0:
64,192,117618,1,0,0:0:0:0:
448,192,117618,1,0,0:0:0:0:
192,192,117730,128,0,118066:0:0:0:0:
320,192,117730,128,0,118066:0:0:0:0:
64,192,117954,1,0,0:0:0:0:
448,192,117954,1,0,0:0:0:0:
64,192,118178,128,0,118514:0:0:0:0:
448,192,118178,128,0,118402:0:0:0:0:
320,192,118402,128,0,118514:0:0:0:0:
192,192,118402,128,0,118514:0:0:0:0:
448,192,118514,1,0,0:0:0:0:
64,192,118625,1,0,0:0:0:0:
192,192,118625,128,0,118961:0:0:0:0:
320,192,118849,128,0,119073:0:0:0:0:
448,192,118961,128,0,119409:0:0:0:0:
64,192,119073,1,0,0:0:0:0:
192,192,119073,1,0,0:0:0:0:
320,192,119297,128,0,119409:0:0:0:0:
64,192,119521,1,0,0:0:0:0:
192,192,119521,128,0,119857:0:0:0:0:
320,192,119745,128,0,119969:0:0:0:0:
448,192,119857,128,0,120305:0:0:0:0:
64,192,119969,1,0,0:0:0:0:
192,192,119969,1,0,0:0:0:0:
320,192,120193,128,0,120305:0:0:0:0:
192,192,120417,1,0,0:0:0:0:
64,192,120417,128,0,120752:0:0:0:0:
192,192,120640,128,0,120864:0:0:0:0:
320,192,120752,128,0,121200:0:0:0:0:
64,192,120864,1,0,0:0:0:0:
448,192,120864,1,0,0:0:0:0:
192,192,121088,128,0,121200:0:0:0:0:
64,192,121312,128,0,121648:0:0:0:0:
448,192,121312,1,0,0:0:0:0:
320,192,121424,1,0,0:0:0:0:
192,192,121536,1,0,0:0:0:0:
320,192,121760,1,0,0:0:0:0:
64,192,121760,128,0,122096:0:0:0:0:
192,192,121984,1,0,0:0:0:0:
320,192,121984,128,0,122096:0:0:0:0:
64,192,122208,1,0,0:0:0:0:
448,192,122208,128,0,122543:0:0:0:0:
320,192,122431,128,0,122655:0:0:0:0:
64,192,122543,128,0,122991:0:0:0:0:
448,192,122655,1,0,0:0:0:0:
192,192,122655,1,0,0:0:0:0:
320,192,122879,128,0,122991:0:0:0:0:
448,192,123103,1,0,0:0:0:0:
64,192,123103,128,0,123439:0:0:0:0:
192,192,123327,128,0,123551:0:0:0:0:
448,192,123439,128,0,123887:0:0:0:0:
64,192,123551,1,0,0:0:0:0:
320,192,123551,1,0,0:0:0:0:
192,192,123775,128,0,123887:0:0:0:0:
64,192,123999,1,0,0:0:0:0:
448,192,123999,128,0,124334:0:0:0:0:
320,192,124222,128,0,124446:0:0:0:0:
192,192,124334,128,0,124782:0:0:0:0:
448,192,124446,1,0,0:0:0:0:
64,192,124446,1,0,0:0:0:0:
320,192,124670,128,0,124782:0:0:0:0:
64,192,124782,1,0,0:0:0:0:
448,192,124782,1,0,0:0:0:0:
320,192,124894,128,0,125230:0:0:0:0:
192,192,124894,128,0,125230:0:0:0:0:
64,192,125118,1,0,0:0:0:0:
448,192,125118,1,0,0:0:0:0:
448,192,125342,128,0,125678:0:0:0:0:
320,192,125342,128,0,125566:0:0:0:0:
64,192,125566,128,0,125678:0:0:0:0:
192,192,125566,128,0,125678:0:0:0:0:
320,192,125678,1,0,0:0:0:0:
448,192,125790,1,0,0:0:0:0:
64,192,125790,128,0,126125:0:0:0:0:
192,192,126014,128,0,126237:0:0:0:0:
320,192,126125,128,0,126573:0:0:0:0:
64,192,126237,1,0,0:0:0:0:
448,192,126237,1,0,0:0:0:0:
192,192,126461,128,0,126573:0:0:0:0:
320,192,126685,1,0,0:0:0:0:
448,192,126685,128,0,127021:0:0:0:0:
192,192,126909,1,0,0:0:0:0:
448,192,127133,1,0,0:0:0:0:
64,192,127133,128,0,127469:0:0:0:0:
448,192,127357,128,0,127693:0:0:0:0:
64,192,127581,1,0,0:0:0:0:
192,192,127581,128,0,127917:0:0:0:0:
320,192,127805,128,0,128028:0:0:0:0:
448,192,127917,128,0,128364:0:0:0:0:
64,192,128028,1,0,0:0:0:0:
192,192,128028,1,0,0:0:0:0:
320,192,128252,128,0,128364:0:0:0:0:
64,192,128476,1,0,0:0:0:0:
192,192,128476,128,0,128812:0:0:0:0:
320,192,128700,128,0,128924:0:0:0:0:
448,192,128812,128,0,129260:0:0:0:0:
64,192,128924,1,0,0:0:0:0:
192,192,128924,1,0,0:0:0:0:
64,192,129148,128,0,129484:0:0:0:0:
192,192,129148,1,0,0:0:0:0:
448,192,129372,128,0,129708:0:0:0:0:
320,192,129372,1,0,0:0:0:0:
320,192,129596,128,0,129819:0:0:0:0:
192,192,129708,128,0,130155:0:0:0:0:
64,192,129819,1,0,0:0:0:0:
448,192,129819,1,0,0:0:0:0:
320,192,130043,128,0,130155:0:0:0:0:
448,192,130267,1,0,0:0:0:0:
64,192,130267,128,0,130603:0:0:0:0:
192,192,130491,128,0,130715:0:0:0:0:
320,192,130603,128,0,131051:0:0:0:0:
448,192,130715,1,0,0:0:0:0:
64,192,130715,1,0,0:0:0:0:
192,192,130939,128,0,131051:0:0:0:0:
448,192,131163,1,0,0:0:0:0:
64,192,131163,128,0,131834:0:0:0:0:
448,192,131387,1,0,0:0:0:0:
192,192,131499,1,0,0:0:0:0:
320,192,131611,1,0,0:0:0:0:
448,192,131611,1,0,0:0:0:0:
192,192,131834,5,0,0:0:0:0:
320,192,131946,1,0,0:0:0:0:
448,192,131946,1,0,0:0:0:0:
192,192,132058,1,0,0:0:0:0:
64,192,132058,128,0,132394:0:0:0:0:
320,192,132170,1,0,0:0:0:0:
448,192,132282,1,0,0:0:0:0:
192,192,132394,1,0,0:0:0:0:
320,192,132506,1,0,0:0:0:0:
448,192,132506,128,0,132842:0:0:0:0:
64,192,132618,1,0,0:0:0:0:
192,192,132730,1,0,0:0:0:0:
320,192,132842,1,0,0:0:0:0:
448,192,132954,5,0,0:0:0:0:
192,192,132954,1,0,0:0:0:0:
64,192,132954,128,0,133178:0:0:0:0:
192,192,133178,128,0,133290:0:0:0:0:
320,192,133290,128,0,133737:0:0:0:0:
64,192,133402,1,0,0:0:0:0:
448,192,133402,128,0,133625:0:0:0:0:
192,192,133625,128,0,133961:0:0:0:0:
64,192,133849,1,0,0:0:0:0:
448,192,133849,128,0,134073:0:0:0:0:
320,192,134073,128,0,134185:0:0:0:0:
192,192,134185,128,0,134633:0:0:0:0:
448,192,134297,1,0,0:0:0:0:
64,192,134297,128,0,134521:0:0:0:0:
320,192,134521,128,0,134857:0:0:0:0:
448,192,134745,1,0,0:0:0:0:
64,192,134745,128,0,134969:0:0:0:0:
192,192,134969,128,0,135081:0:0:0:0:
320,192,135081,128,0,135528:0:0:0:0:
64,192,135193,1,0,0:0:0:0:
448,192,135193,128,0,135417:0:0:0:0:
192,192,135417,128,0,135640:0:0:0:0:
64,192,135640,1,0,0:0:0:0:
448,192,135640,128,0,135976:0:0:0:0:
320,192,135752,1,0,0:0:0:0:
192,192,135864,128,0,135976:0:0:0:0:
64,192,136088,128,0,136424:0:0:0:0:
320,192,136088,1,0,0:0:0:0:
192,192,136312,1,0,0:0:0:0:
320,192,136312,128,0,136424:0:0:0:0:
64,192,136536,1,0,0:0:0:0:
192,192,136536,1,0,0:0:0:0:
448,192,136536,128,0,136760:0:0:0:0:
320,192,136760,128,0,136872:0:0:0:0:
192,192,136872,128,0,137319:0:0:0:0:
448,192,136984,1,0,0:0:0:0:
64,192,136984,128,0,137208:0:0:0:0:
320,192,137208,128,0,137543:0:0:0:0:
448,192,137431,1,0,0:0:0:0:
64,192,137431,128,0,137655:0:0:0:0:
192,192,137655,128,0,137767:0:0:0:0:
320,192,137767,128,0,138215:0:0:0:0:
64,192,137879,1,0,0:0:0:0:
448,192,137879,128,0,138103:0:0:0:0:
192,192,138103,128,0,138439:0:0:0:0:
64,192,138327,1,0,0:0:0:0:
448,192,138327,128,0,138551:0:0:0:0:
320,192,138551,128,0,138663:0:0:0:0:
192,192,138663,128,0,139111:0:0:0:0:
448,192,138775,1,0,0:0:0:0:
64,192,138775,128,0,138999:0:0:0:0:
320,192,138999,128,0,139111:0:0:0:0:
448,192,139111,1,0,0:0:0:0:
64,192,139111,1,0,0:0:0:0:
192,192,139222,128,0,139558:0:0:0:0:
320,192,139222,128,0,139558:0:0:0:0:
64,192,139446,1,0,0:0:0:0:
448,192,139446,1,0,0:0:0:0:
448,192,139670,128,0,140006:0:0:0:0:
64,192,139670,128,0,139894:0:0:0:0:
192,192,139894,128,0,140006:0:0:0:0:
320,192,139894,128,0,140006:0:0:0:0:
64,192,140006,1,0,0:0:0:0:
448,192,140118,1,0,0:0:0:0:
320,192,140118,128,0,140342:0:0:0:0:
192,192,140342,128,0,140454:0:0:0:0:
64,192,140454,128,0,141014:0:0:0:0:
320,192,140566,1,0,0:0:0:0:
448,192,140566,128,0,140902:0:0:0:0:
192,192,140790,128,0,141125:0:0:0:0:
448,192,141014,1,0,0:0:0:0:
320,192,141014,128,0,141349:0:0:0:0:
64,192,141237,128,0,141349:0:0:0:0:
64,192,141461,1,0,0:0:0:0:
320,192,141461,1,0,0:0:0:0:
192,192,141685,128,0,142021:0:0:0:0:
320,192,141909,1,0,0:0:0:0:
448,192,141909,128,0,142693:0:0:0:0:
192,192,142133,128,0,142245:0:0:0:0:
64,192,142357,1,0,0:0:0:0:
320,192,142357,128,0,142693:0:0:0:0:
192,192,142581,128,0,142693:0:0:0:0:
64,192,142805,1,0,0:0:0:0:
448,192,142805,128,0,143028:0:0:0:0:
192,192,142917,1,0,0:0:0:0:
320,192,143028,128,0,143140:0:0:0:0:
192,192,143140,128,0,143588:0:0:0:0:
448,192,143252,1,0,0:0:0:0:
64,192,143252,128,0,143476:0:0:0:0:
320,192,143476,128,0,143812:0:0:0:0:
448,192,143588,1,0,0:0:0:0:
64,192,143700,128,0,145491:0:0:0:0:
192,192,143700,1,0,0:0:0:0:
320,192,143924,1,0,0:0:0:0:
192,192,144148,1,0,0:0:0:0:
448,192,144148,1,0,0:0:0:0:
448,192,144372,1,0,0:0:0:0:
192,192,144596,1,0,0:0:0:0:
320,192,144596,1,0,0:0:0:0:
448,192,144819,1,0,0:0:0:0:
192,192,145043,1,0,0:0:0:0:
320,192,145043,1,0,0:0:0:0:
320,192,145267,1,0,0:0:0:0:
448,192,145491,1,0,0:0:0:0:
192,192,145491,1,0,0:0:0:0:
64,192,145827,1,0,0:0:0:0:
192,192,145827,1,0,0:0:0:0:
320,192,145939,1,0,0:0:0:0:
448,192,145939,1,0,0:0:0:0:
192,192,146163,1,0,0:0:0:0:
64,192,146163,128,0,146499:0:0:0:0:
320,192,146387,1,0,0:0:0:0:
448,192,146387,128,0,146722:0:0:0:0:
64,192,146611,1,0,0:0:0:0:
192,192,146611,128,0,146946:0:0:0:0:
320,192,146834,1,0,0:0:0:0:
448,192,146834,128,0,147170:0:0:0:0:
64,192,146946,128,0,147058:0:0:0:0:
320,192,147058,128,0,147282:0:0:0:0:
192,192,147170,128,0,147282:0:0:0:0:
448,192,147282,1,0,0:0:0:0:
64,192,147282,128,0,148066:0:0:0:0:
320,192,147506,128,0,147618:0:0:0:0:
192,192,147730,1,0,0:0:0:0:
448,192,147730,1,0,0:0:0:0:
320,192,147954,128,0,148290:0:0:0:0:
64,192,148178,1,0,0:0:0:0:
192,192,148178,128,0,148514:0:0:0:0:
448,192,148402,128,0,148737:0:0:0:0:
64,192,148625,1,0,0:0:0:0:
192,192,148625,128,0,148961:0:0:0:0:
320,192,148849,128,0,149185:0:0:0:0:
448,192,149073,1,0,0:0:0:0:
64,192,149073,128,0,149633:0:0:0:0:
320,192,149297,128,0,149409:0:0:0:0:
448,192,149521,1,0,0:0:0:0:
192,192,149521,128,0,150081:0:0:0:0:
64,192,149745,128,0,149857:0:0:0:0:
448,192,149969,1,0,0:0:0:0:
320,192,149969,128,0,150528:0:0:0:0:
192,192,150193,128,0,150305:0:0:0:0:
448,192,150417,1,0,0:0:0:0:
64,192,150417,128,0,150752:0:0:0:0:
448,192,150640,128,0,150752:0:0:0:0:
192,192,150640,1,0,0:0:0:0:
64,192,150864,1,0,0:0:0:0:
320,192,150864,128,0,151088:0:0:0:0:
192,192,151088,128,0,151200:0:0:0:0:
64,192,151200,128,0,151648:0:0:0:0:
320,192,151312,1,0,0:0:0:0:
448,192,151312,1,0,0:0:0:0:
320,192,151536,128,0,151648:0:0:0:0:
448,192,151760,1,0,0:0:0:0:
192,192,151760,128,0,151984:0:0:0:0:
320,192,151984,128,0,152096:0:0:0:0:
448,192,152096,128,0,152543:0:0:0:0:
192,192,152208,1,0,0:0:0:0:
64,192,152208,1,0,0:0:0:0:
192,192,152431,128,0,152543:0:0:0:0:
64,192,152655,1,0,0:0:0:0:
320,192,152655,128,0,153439:0:0:0:0:
448,192,152879,128,0,152991:0:0:0:0:
192,192,153103,1,0,0:0:0:0:
64,192,153103,1,0,0:0:0:0:
448,192,153327,128,0,153439:0:0:0:0:
64,192,153439,1,0,0:0:0:0:
192,192,153439,1,0,0:0:0:0:
448,192,153551,1,0,0:0:0:0:
320,192,153551,128,0,153887:0:0:0:0:
192,192,153775,128,0,153887:0:0:0:0:
64,192,153775,1,0,0:0:0:0:
64,192,153999,1,0,0:0:0:0:
448,192,153999,128,0,154334:0:0:0:0:
320,192,154222,1,0,0:0:0:0:
192,192,154222,128,0,154334:0:0:0:0:
64,192,154334,1,0,0:0:0:0:
448,192,154446,1,0,0:0:0:0:
192,192,154446,128,0,155006:0:0:0:0:
320,192,154670,128,0,154782:0:0:0:0:
448,192,154894,1,0,0:0:0:0:
64,192,154894,128,0,155454:0:0:0:0:
192,192,155118,128,0,155230:0:0:0:0:
448,192,155342,1,0,0:0:0:0:
320,192,155342,128,0,155566:0:0:0:0:
192,192,155566,128,0,155678:0:0:0:0:
64,192,155678,128,0,156125:0:0:0:0:
320,192,155790,1,0,0:0:0:0:
448,192,155790,1,0,0:0:0:0:
320,192,156014,128,0,156125:0:0:0:0:
64,192,156237,1,0,0:0:0:0:
320,192,156237,128,0,156797:0:0:0:0:
192,192,156461,128,0,156573:0:0:0:0:
64,192,156685,1,0,0:0:0:0:
448,192,156685,128,0,157245:0:0:0:0:
320,192,156909,128,0,157021:0:0:0:0:
64,192,157133,1,0,0:0:0:0:
192,192,157133,128,0,157357:0:0:0:0:
320,192,157357,128,0,157469:0:0:0:0:
448,192,157469,128,0,157917:0:0:0:0:
192,192,157581,1,0,0:0:0:0:
64,192,157581,1,0,0:0:0:0:
192,192,157805,1,0,0:0:0:0:
64,192,157805,128,0,157917:0:0:0:0:
320,192,157917,1,0,0:0:0:0:
64,192,158028,128,0,158364:0:0:0:0:
448,192,158028,128,0,158364:0:0:0:0:
192,192,158252,128,0,158476:0:0:0:0:
320,192,158364,128,0,158476:0:0:0:0:
448,192,158476,128,0,158812:0:0:0:0:
64,192,158476,128,0,158812:0:0:0:0:
192,192,158588,1,0,0:0:0:0:
320,192,158700,128,0,158924:0:0:0:0:
192,192,158812,128,0,158924:0:0:0:0:
64,192,158924,128,0,159260:0:0:0:0:
448,192,158924,128,0,159260:0:0:0:0:
320,192,159036,1,0,0:0:0:0:
192,192,159148,128,0,159372:0:0:0:0:
320,192,159260,128,0,159372:0:0:0:0:
448,192,159372,128,0,159708:0:0:0:0:
64,192,159372,128,0,159708:0:0:0:0:
192,192,159484,1,0,0:0:0:0:
320,192,159596,128,0,159819:0:0:0:0:
192,192,159708,128,0,159819:0:0:0:0:
448,192,159819,1,0,0:0:0:0:
64,192,159819,128,0,160155:0:0:0:0:
320,192,159931,1,0,0:0:0:0:
192,192,160043,1,0,0:0:0:0:
448,192,160155,1,0,0:0:0:0:
320,192,160155,1,0,0:0:0:0:
64,192,160267,1,0,0:0:0:0:
192,192,160267,128,0,160603:0:0:0:0:
448,192,160379,1,0,0:0:0:0:
64,192,160491,128,0,160603:0:0:0:0:
448,192,160603,1,0,0:0:0:0:
320,192,160715,128,0,161051:0:0:0:0:
64,192,160715,1,0,0:0:0:0:
192,192,160827,1,0,0:0:0:0:
448,192,160939,128,0,161051:0:0:0:0:
192,192,161051,1,0,0:0:0:0:
64,192,161163,1,0,0:0:0:0:
448,192,161163,1,0,0:0:0:0:
320,192,161275,1,0,0:0:0:0:
192,192,161387,1,0,0:0:0:0:
320,192,161499,1,0,0:0:0:0:
64,192,161611,1,0,0:0:0:0:
448,192,161611,1,0,0:0:0:0:
192,192,161611,1,0,0:0:0:0:
320,192,161722,1,0,0:0:0:0:
192,192,161834,1,0,0:0:0:0:
448,192,162058,1,0,0:0:0:0:
64,192,162058,1,0,0:0:0:0:
192,192,162170,1,0,0:0:0:0:
320,192,162282,1,0,0:0:0:0:
64,192,162506,1,0,0:0:0:0:
320,192,162506,1,0,0:0:0:0:
448,192,162618,1,0,0:0:0:0:
192,192,162730,1,0,0:0:0:0:
320,192,162954,1,0,0:0:0:0:
448,192,162954,1,0,0:0:0:0:
192,192,163066,1,0,0:0:0:0:
64,192,163178,1,0,0:0:0:0:
192,192,163402,1,0,0:0:0:0:
448,192,163402,1,0,0:0:0:0:
64,192,163514,1,0,0:0:0:0:
320,192,163625,1,0,0:0:0:0:
64,192,163849,1,0,0:0:0:0:
192,192,163849,1,0,0:0:0:0:
320,192,163961,1,0,0:0:0:0:
448,192,164073,1,0,0:0:0:0:
64,192,164297,1,0,0:0:0:0:
192,192,164297,1,0,0:0:0:0:
320,192,164409,1,0,0:0:0:0:
448,192,164409,1,0,0:0:0:0:
64,192,164521,1,0,0:0:0:0:
320,192,164745,1,0,0:0:0:0:
448,192,164745,1,0,0:0:0:0:
192,192,164969,1,0,0:0:0:0:
320,192,164969,1,0,0:0:0:0:
192,192,165193,1,0,0:0:0:0:
64,192,165193,1,0,0:0:0:0:
448,192,165305,1,0,0:0:0:0:
320,192,165417,1,0,0:0:0:0:
192,192,165640,1,0,0:0:0:0:
448,192,165640,1,0,0:0:0:0:
64,192,165752,1,0,0:0:0:0:
320,192,165864,1,0,0:0:0:0:
64,192,166088,1,0,0:0:0:0:
448,192,166088,1,0,0:0:0:0:
192,192,166200,1,0,0:0:0:0:
320,192,166312,1,0,0:0:0:0:
448,192,166536,1,0,0:0:0:0:
64,192,166536,1,0,0:0:0:0:
320,192,166648,1,0,0:0:0:0:
192,192,166760,1,0,0:0:0:0:
320,192,166984,1,0,0:0:0:0:
448,192,166984,1,0,0:0:0:0:
64,192,167096,1,0,0:0:0:0:
192,192,167208,1,0,0:0:0:0:
64,192,167431,1,0,0:0:0:0:
320,192,167431,1,0,0:0:0:0:
448,192,167543,1,0,0:0:0:0:
192,192,167655,1,0,0:0:0:0:
320,192,167767,1,0,0:0:0:0:
448,192,167767,1,0,0:0:0:0:
192,192,167879,1,0,0:0:0:0:
64,192,167879,1,0,0:0:0:0:
320,192,167991,1,0,0:0:0:0:
448,192,168103,1,0,0:0:0:0:
64,192,168103,1,0,0:0:0:0:
192,192,168327,1,0,0:0:0:0:
320,192,168327,1,0,0:0:0:0:
64,192,168551,1,0,0:0:0:0:
448,192,168551,1,0,0:0:0:0:
320,192,168663,1,0,0:0:0:0:
448,192,168775,1,0,0:0:0:0:
64,192,168775,1,0,0:0:0:0:
192,192,168775,1,0,0:0:0:0:
320,192,168887,1,0,0:0:0:0:
192,192,168999,1,0,0:0:0:0:
64,192,169222,1,0,0:0:0:0:
448,192,169222,1,0,0:0:0:0:
192,192,169334,1,0,0:0:0:0:
320,192,169446,1,0,0:0:0:0:
448,192,169670,1,0,0:0:0:0:
192,192,169670,1,0,0:0:0:0:
64,192,169782,1,0,0:0:0:0:
320,192,169894,1,0,0:0:0:0:
192,192,170118,1,0,0:0:0:0:
64,192,170118,1,0,0:0:0:0:
320,192,170230,1,0,0:0:0:0:
448,192,170342,1,0,0:0:0:0:
320,192,170566,1,0,0:0:0:0:
64,192,170566,1,0,0:0:0:0:
448,192,170678,1,0,0:0:0:0:
192,192,170790,1,0,0:0:0:0:
448,192,171014,1,0,0:0:0:0:
320,192,171014,1,0,0:0:0:0:
192,192,171125,1,0,0:0:0:0:
64,192,171237,1,0,0:0:0:0:
448,192,171461,1,0,0:0:0:0:
320,192,171461,1,0,0:0:0:0:
192,192,171573,1,0,0:0:0:0:
64,192,171573,1,0,0:0:0:0:
448,192,171685,1,0,0:0:0:0:
192,192,171909,1,0,0:0:0:0:
64,192,171909,1,0,0:0:0:0:
64,192,172133,1,0,0:0:0:0:
448,192,172133,1,0,0:0:0:0:
192,192,172245,1,0,0:0:0:0:
320,192,172357,1,0,0:0:0:0:
448,192,172357,1,0,0:0:0:0:
64,192,172469,1,0,0:0:0:0:
192,192,172581,1,0,0:0:0:0:
320,192,172805,1,0,0:0:0:0:
64,192,172805,1,0,0:0:0:0:
448,192,172917,1,0,0:0:0:0:
192,192,173028,1,0,0:0:0:0:
448,192,173252,1,0,0:0:0:0:
64,192,173252,1,0,0:0:0:0:
320,192,173364,1,0,0:0:0:0:
192,192,173476,1,0,0:0:0:0:
64,192,173700,1,0,0:0:0:0:
448,192,173700,1,0,0:0:0:0:
192,192,173812,1,0,0:0:0:0:
320,192,173924,1,0,0:0:0:0:
192,192,174148,1,0,0:0:0:0:
64,192,174148,1,0,0:0:0:0:
448,192,174260,1,0,0:0:0:0:
320,192,174372,1,0,0:0:0:0:
64,192,174484,1,0,0:0:0:0:
192,192,174484,1,0,0:0:0:0:
448,192,174596,1,0,0:0:0:0:
320,192,174596,1,0,0:0:0:0:
192,192,174708,1,0,0:0:0:0:
64,192,174819,1,0,0:0:0:0:
448,192,174819,1,0,0:0:0:0:
320,192,175043,1,0,0:0:0:0:
448,192,175043,1,0,0:0:0:0:
192,192,175155,1,0,0:0:0:0:
64,192,175267,1,0,0:0:0:0:
320,192,175267,1,0,0:0:0:0:
448,192,175379,1,0,0:0:0:0:
192,192,175491,1,0,0:0:0:0:
64,192,175491,1,0,0:0:0:0:
320,192,175603,1,0,0:0:0:0:
448,192,175715,1,0,0:0:0:0:
64,192,175715,1,0,0:0:0:0:
192,192,175827,1,0,0:0:0:0:
320,192,175939,1,0,0:0:0:0:
448,192,175939,1,0,0:0:0:0:
64,192,176051,1,0,0:0:0:0:
320,192,176163,128,0,176275:0:0:0:0:
448,192,176387,1,0,0:0:0:0:
192,192,176387,1,0,0:0:0:0:
64,192,176499,1,0,0:0:0:0:
192,192,176611,128,0,176722:0:0:0:0:
64,192,176834,1,0,0:0:0:0:
320,192,176834,1,0,0:0:0:0:
448,192,176946,1,0,0:0:0:0:
320,192,177058,128,0,177170:0:0:0:0:
64,192,177282,1,0,0:0:0:0:
192,192,177282,1,0,0:0:0:0:
448,192,177394,1,0,0:0:0:0:
192,192,177506,128,0,177618:0:0:0:0:
320,192,177730,1,0,0:0:0:0:
448,192,177730,1,0,0:0:0:0:
192,192,177842,1,0,0:0:0:0:
448,192,177954,128,0,178066:0:0:0:0:
64,192,178178,1,0,0:0:0:0:
192,192,178178,1,0,0:0:0:0:
320,192,178290,1,0,0:0:0:0:
64,192,178402,128,0,178514:0:0:0:0:
320,192,178625,1,0,0:0:0:0:
448,192,178625,1,0,0:0:0:0:
192,192,178737,1,0,0:0:0:0:
64,192,178737,1,0,0:0:0:0:
448,192,178849,128,0,178961:0:0:0:0:
64,192,179073,1,0,0:0:0:0:
192,192,179073,1,0,0:0:0:0:
192,192,179297,1,0,0:0:0:0:
320,192,179297,1,0,0:0:0:0:
320,192,179521,1,0,0:0:0:0:
448,192,179521,1,0,0:0:0:0:
64,192,179633,1,0,0:0:0:0:
320,192,179745,128,0,179857:0:0:0:0:
192,192,179969,1,0,0:0:0:0:
448,192,179969,1,0,0:0:0:0:
64,192,180081,1,0,0:0:0:0:
192,192,180193,128,0,180305:0:0:0:0:
64,192,180417,1,0,0:0:0:0:
320,192,180417,1,0,0:0:0:0:
448,192,180528,1,0,0:0:0:0:
320,192,180640,128,0,180752:0:0:0:0:
64,192,180864,1,0,0:0:0:0:
192,192,180864,1,0,0:0:0:0:
448,192,180976,1,0,0:0:0:0:
192,192,181088,128,0,181200:0:0:0:0:
320,192,181312,1,0,0:0:0:0:
448,192,181312,1,0,0:0:0:0:
64,192,181424,1,0,0:0:0:0:
320,192,181536,128,0,181648:0:0:0:0:
192,192,181760,1,0,0:0:0:0:
448,192,181760,1,0,0:0:0:0:
64,192,181872,1,0,0:0:0:0:
192,192,181984,128,0,182096:0:0:0:0:
320,192,182096,1,0,0:0:0:0:
448,192,182096,1,0,0:0:0:0:
192,192,182208,1,0,0:0:0:0:
64,192,182208,1,0,0:0:0:0:
320,192,182319,1,0,0:0:0:0:
448,192,182431,1,0,0:0:0:0:
64,192,182431,1,0,0:0:0:0:
192,192,182655,1,0,0:0:0:0:
320,192,182655,1,0,0:0:0:0:
64,192,182879,1,0,0:0:0:0:
448,192,182879,1,0,0:0:0:0:
320,192,182991,1,0,0:0:0:0:
192,192,183103,1,0,0:0:0:0:
64,192,183103,1,0,0:0:0:0:
448,192,183215,1,0,0:0:0:0:
192,192,183327,128,0,183439:0:0:0:0:
320,192,183551,1,0,0:0:0:0:
448,192,183551,1,0,0:0:0:0:
64,192,183663,1,0,0:0:0:0:
320,192,183775,128,0,183887:0:0:0:0:
192,192,183999,1,0,0:0:0:0:
448,192,183999,1,0,0:0:0:0:
64,192,184111,1,0,0:0:0:0:
192,192,184222,128,0,184334:0:0:0:0:
64,192,184446,1,0,0:0:0:0:
320,192,184446,1,0,0:0:0:0:
448,192,184558,1,0,0:0:0:0:
320,192,184670,128,0,184782:0:0:0:0:
64,192,184894,1,0,0:0:0:0:
192,192,184894,1,0,0:0:0:0:
448,192,185006,1,0,0:0:0:0:
192,192,185118,128,0,185230:0:0:0:0:
320,192,185342,1,0,0:0:0:0:
448,192,185342,1,0,0:0:0:0:
64,192,185454,1,0,0:0:0:0:
320,192,185566,128,0,185678:0:0:0:0:
64,192,185790,1,0,0:0:0:0:
192,192,185790,1,0,0:0:0:0:
320,192,185902,1,0,0:0:0:0:
448,192,185902,1,0,0:0:0:0:
64,192,186014,128,0,186125:0:0:0:0:
320,192,186237,1,0,0:0:0:0:
448,192,186237,1,0,0:0:0:0:
64,192,186461,1,0,0:0:0:0:
192,192,186461,1,0,0:0:0:0:
320,192,186573,1,0,0:0:0:0:
448,192,186685,1,0,0:0:0:0:
64,192,186685,1,0,0:0:0:0:
320,192,186797,1,0,0:0:0:0:
192,192,186909,1,0,0:0:0:0:
448,192,187021,1,0,0:0:0:0:
64,192,187133,1,0,0:0:0:0:
192,192,187133,1,0,0:0:0:0:
448,192,187245,1,0,0:0:0:0:
320,192,187357,1,0,0:0:0:0:
64,192,187469,1,0,0:0:0:0:
320,192,187581,1,0,0:0:0:0:
448,192,187581,1,0,0:0:0:0:
64,192,187693,1,0,0:0:0:0:
192,192,187805,1,0,0:0:0:0:
448,192,187917,1,0,0:0:0:0:
192,192,188028,1,0,0:0:0:0:
64,192,188028,1,0,0:0:0:0:
448,192,188140,1,0,0:0:0:0:
320,192,188252,1,0,0:0:0:0:
64,192,188364,1,0,0:0:0:0:
320,192,188476,1,0,0:0:0:0:
448,192,188476,1,0,0:0:0:0:
64,192,188588,1,0,0:0:0:0:
192,192,188700,1,0,0:0:0:0:
64,192,188812,1,0,0:0:0:0:
448,192,188812,1,0,0:0:0:0:
320,192,188924,1,0,0:0:0:0:
192,192,189036,1,0,0:0:0:0:
64,192,189148,1,0,0:0:0:0:
448,192,189148,1,0,0:0:0:0:
192,192,189260,1,0,0:0:0:0:
320,192,189372,1,0,0:0:0:0:
448,192,189372,1,0,0:0:0:0:
64,192,189484,1,0,0:0:0:0:
192,192,189596,1,0,0:0:0:0:
320,192,189596,1,0,0:0:0:0:
448,192,189708,1,0,0:0:0:0:
192,192,189819,1,0,0:0:0:0:
64,192,189819,1,0,0:0:0:0:
448,192,189931,1,0,0:0:0:0:
320,192,190043,1,0,0:0:0:0:
192,192,190155,1,0,0:0:0:0:
448,192,190267,1,0,0:0:0:0:
64,192,190267,128,0,190715:0:0:0:0:
320,192,190491,128,0,190715:0:0:0:0:
192,192,190715,1,0,0:0:0:0:
448,192,190715,128,0,191163:0:0:0:0:
192,192,190939,128,0,191163:0:0:0:0:
64,192,191163,1,0,0:0:0:0:
320,192,191163,128,0,191611:0:0:0:0:
64,192,191387,128,0,191611:0:0:0:0:
448,192,191611,1,0,0:0:0:0:
192,192,191611,128,0,191834:0:0:0:0:
320,192,191834,128,0,191946:0:0:0:0:
448,192,191946,128,0,192058:0:0:0:0:
64,192,192058,1,0,0:0:0:0:
192,192,192058,128,0,192170:0:0:0:0:
320,192,192170,128,0,192282:0:0:0:0:
64,192,192282,128,0,192394:0:0:0:0:
192,192,192394,128,0,192506:0:0:0:0:
448,192,192506,1,0,0:0:0:0:
320,192,192506,128,0,192618:0:0:0:0:
64,192,192618,128,0,192730:0:0:0:0:
448,192,192730,128,0,192842:0:0:0:0:
320,192,192842,128,0,192954:0:0:0:0:
64,192,192954,1,0,0:0:0:0:
192,192,192954,128,0,193066:0:0:0:0:
320,192,193066,1,0,0:0:0:0:
448,192,193066,128,0,193402:0:0:0:0:
192,192,193178,128,0,193290:0:0:0:0:
64,192,193402,1,0,0:0:0:0:
320,192,193402,1,0,0:0:0:0:
64,192,193625,1,0,0:0:0:0:
192,192,193625,1,0,0:0:0:0:
320,192,193737,1,0,0:0:0:0:
64,192,193849,1,0,0:0:0:0:
448,192,193849,128,0,194073:0:0:0:0:
192,192,194073,128,0,194185:0:0:0:0:
320,192,194185,128,0,194297:0:0:0:0:
448,192,194297,1,0,0:0:0:0:
64,192,194297,128,0,194409:0:0:0:0:
192,192,194409,128,0,194521:0:0:0:0:
320,192,194521,128,0,194633:0:0:0:0:
192,192,194633,128,0,194745:0:0:0:0:
64,192,194745,1,0,0:0:0:0:
448,192,194745,128,0,194857:0:0:0:0:
320,192,194857,128,0,194969:0:0:0:0:
192,192,194969,1,0,0:0:0:0:
64,192,195043,1,0,0:0:0:0:
320,192,195118,1,0,0:0:0:0:
448,192,195193,1,0,0:0:0:0:
192,192,195267,1,0,0:0:0:0:
320,192,195342,1,0,0:0:0:0:
64,192,195417,128,0,195864:0:0:0:0:
320,192,195640,128,0,196088:0:0:0:0:
448,192,195640,1,0,0:0:0:0:
192,192,195864,128,0,196088:0:0:0:0:
448,192,196088,1,0,0:0:0:0:
64,192,196088,128,0,196200:0:0:0:0:
192,192,196200,128,0,196312:0:0:0:0:
320,192,196312,128,0,196424:0:0:0:0:
448,192,196424,1,0,0:0:0:0:
192,192,196424,128,0,196536:0:0:0:0:
320,192,196536,1,0,0:0:0:0:
64,192,196536,128,0,196648:0:0:0:0:
192,192,196648,128,0,196760:0:0:0:0:
448,192,196760,1,0,0:0:0:0:
320,192,196760,128,0,196872:0:0:0:0:
64,192,196872,128,0,196984:0:0:0:0:
320,192,196984,1,0,0:0:0:0:
448,192,196984,128,0,197208:0:0:0:0:
192,192,197208,1,0,0:0:0:0:
64,192,197208,1,0,0:0:0:0:
320,192,197319,1,0,0:0:0:0:
64,192,197431,1,0,0:0:0:0:
448,192,197431,128,0,197543:0:0:0:0:
192,192,197543,128,0,197655:0:0:0:0:
448,192,197655,128,0,197767:0:0:0:0:
192,192,197767,128,0,197879:0:0:0:0:
64,192,197879,1,0,0:0:0:0:
320,192,197879,128,0,197991:0:0:0:0:
448,192,197991,128,0,198103:0:0:0:0:
192,192,198103,128,0,198215:0:0:0:0:
320,192,198215,128,0,198327:0:0:0:0:
64,192,198327,128,0,198439:0:0:0:0:
448,192,198327,1,0,0:0:0:0:
320,192,198439,128,0,198551:0:0:0:0:
64,192,198551,128,0,198663:0:0:0:0:
320,192,198663,128,0,198775:0:0:0:0:
192,192,198775,128,0,198887:0:0:0:0:
448,192,198775,1,0,0:0:0:0:
64,192,198887,128,0,198999:0:0:0:0:
320,192,198999,128,0,199111:0:0:0:0:
192,192,199111,128,0,199222:0:0:0:0:
64,192,199222,1,0,0:0:0:0:
448,192,199222,128,0,199446:0:0:0:0:
320,192,199446,128,0,199558:0:0:0:0:
192,192,199558,128,0,199670:0:0:0:0:
64,192,199670,1,0,0:0:0:0:
448,192,199670,128,0,199782:0:0:0:0:
320,192,199782,128,0,199894:0:0:0:0:
64,192,199894,128,0,200006:0:0:0:0:
192,192,200006,128,0,200118:0:0:0:0:
448,192,200118,1,0,0:0:0:0:
320,192,200118,128,0,200230:0:0:0:0:
192,192,200230,1,0,0:0:0:0:
64,192,200230,128,0,200566:0:0:0:0:
320,192,200342,128,0,200454:0:0:0:0:
192,192,200566,1,0,0:0:0:0:
448,192,200566,1,0,0:0:0:0:
320,192,200790,1,0,0:0:0:0:
448,192,200790,1,0,0:0:0:0:
192,192,200902,1,0,0:0:0:0:
448,192,201014,1,0,0:0:0:0:
64,192,201014,128,0,201237:0:0:0:0:
192,192,201125,128,0,201349:0:0:0:0:
320,192,201237,128,0,201349:0:0:0:0:
448,192,201349,128,0,201573:0:0:0:0:
192,192,201461,128,0,201685:0:0:0:0:
320,192,201461,1,0,0:0:0:0:
64,192,201573,128,0,201797:0:0:0:0:
448,192,201685,128,0,201797:0:0:0:0:
320,192,201797,128,0,202021:0:0:0:0:
192,192,201909,128,0,202133:0:0:0:0:
448,192,201909,1,0,0:0:0:0:
64,192,202021,128,0,202245:0:0:0:0:
320,192,202133,128,0,202245:0:0:0:0:
448,192,202245,128,0,202469:0:0:0:0:
64,192,202357,128,0,202581:0:0:0:0:
320,192,202357,1,0,0:0:0:0:
192,192,202469,128,0,202693:0:0:0:0:
320,192,202581,128,0,202805:0:0:0:0:
448,192,202693,128,0,202805:0:0:0:0:
192,192,202805,1,0,0:0:0:0:
64,192,202805,128,0,202917:0:0:0:0:
320,192,202917,128,0,203028:0:0:0:0:
64,192,203028,128,0,203140:0:0:0:0:
320,192,203140,128,0,203252:0:0:0:0:
64,192,203252,128,0,203364:0:0:0:0:
192,192,203252,1,0,0:0:0:0:
320,192,203364,128,0,203476:0:0:0:0:
64,192,203476,128,0,203588:0:0:0:0:
192,192,203588,1,0,0:0:0:0:
448,192,203588,128,0,203700:0:0:0:0:
320,192,203700,128,0,203812:0:0:0:0:
192,192,203812,128,0,203924:0:0:0:0:
64,192,203924,128,0,204036:0:0:0:0:
448,192,203924,1,0,0:0:0:0:
192,192,204036,128,0,204148:0:0:0:0:
320,192,204148,128,0,204260:0:0:0:0:
448,192,204148,1,0,0:0:0:0:
64,192,204260,128,0,204372:0:0:0:0:
320,192,204372,1,0,0:0:0:0:
192,192,204372,128,0,204484:0:0:0:0:
448,192,204484,128,0,204596:0:0:0:0:
320,192,204596,1,0,0:0:0:0:
64,192,204596,1,0,0:0:0:0:
192,192,205043,1,0,0:0:0:0:
448,192,205267,1,0,0:0:0:0:
320,192,205715,1,0,0:0:0:0:
64,192,205939,1,0,0:0:0:0:
448,192,205939,1,0,0:0:0:0:
192,192,206163,1,0,0:0:0:0:
448,192,206387,1,0,0:0:0:0:
320,192,206387,1,0,0:0:0:0:
64,192,207282,1,0,0:0:0:0:
192,192,207506,1,0,0:0:0:0:
320,192,207730,1,0,0:0:0:0:
448,192,207954,1,0,0:0:0:0:
192,192,208178,1,0,0:0:0:0:
64,192,208178,1,0,0:0:0:0:
448,192,208849,1,0,0:0:0:0:
320,192,209073,1,0,0:0:0:0:
192,192,209297,1,0,0:0:0:0:
64,192,209521,1,0,0:0:0:0:
448,192,209521,1,0,0:0:0:0:
192,192,209745,1,0,0:0:0:0:
320,192,209969,1,0,0:0:0:0:
448,192,209969,1,0,0:0:0:0:
64,192,210640,1,0,0:0:0:0:
192,192,210864,1,0,0:0:0:0:
320,192,211088,1,0,0:0:0:0:
448,192,211312,1,0,0:0:0:0:
320,192,211536,1,0,0:0:0:0:
192,192,211760,1,0,0:0:0:0:
64,192,211760,1,0,0:0:0:0:
448,192,212431,1,0,0:0:0:0:
192,192,212655,1,0,0:0:0:0:
320,192,212879,1,0,0:0:0:0:
64,192,213103,1,0,0:0:0:0:
448,192,213103,1,0,0:0:0:0:
192,192,213551,1,0,0:0:0:0:
320,192,213551,1,0,0:0:0:0:
448,192,213775,1,0,0:0:0:0:
64,192,214222,1,0,0:0:0:0:
192,192,214222,1,0,0:0:0:0:
320,192,214446,1,0,0:0:0:0:
192,192,214670,1,0,0:0:0:0:
64,192,214894,1,0,0:0:0:0:
448,192,214894,1,0,0:0:0:0:
320,192,215118,1,0,0:0:0:0:
192,192,215342,1,0,0:0:0:0:
64,192,215342,128,0,217133:0:0:0:0:
448,192,216014,1,0,0:0:0:0:
320,192,216237,1,0,0:0:0:0:
192,192,216461,1,0,0:0:0:0:
320,192,216685,1,0,0:0:0:0:
448,192,216909,1,0,0:0:0:0:
320,192,217133,1,0,0:0:0:0:
192,192,217133,1,0,0:0:0:0:
64,192,217357,1,0,0:0:0:0:
448,192,217357,1,0,0:0:0:0:
192,192,217581,1,0,0:0:0:0:
320,192,217581,1,0,0:0:0:0:
448,192,217805,128,0,218476:0:0:0:0:
64,192,218028,128,0,218700:0:0:0:0:
192,192,218252,128,0,218700:0:0:0:0:
320,192,218476,128,0,218924:0:0:0:0:
448,192,218700,128,0,218924:0:0:0:0:
64,192,218924,1,0,0:0:0:0:
192,192,218924,1,0,0:0:0:0:
320,192,219148,1,0,0:0:0:0:
320,192,219596,1,0,0:0:0:0:
64,192,219819,1,0,0:0:0:0:
320,192,220043,1,0,0:0:0:0:
64,192,220267,1,0,0:0:0:0:
320,192,220491,1,0,0:0:0:0:
64,192,220715,1,0,0:0:0:0:
320,192,220939,1,0,0:0:0:0:
320,192,221387,1,0,0:0:0:0:
448,192,221611,1,0,0:0:0:0:
320,192,221834,1,0,0:0:0:0:
448,192,222058,1,0,0:0:0:0:
320,192,222282,1,0,0:0:0:0:
448,192,222506,1,0,0:0:0:0:
320,192,222730,1,0,0:0:0:0:
320,192,223178,1,0,0:0:0:0:
64,192,223402,1,0,0:0:0:0:
320,192,223625,1,0,0:0:0:0:
448,192,223849,1,0,0:0:0:0:
320,192,224073,1,0,0:0:0:0:
64,192,224297,1,0,0:0:0:0:
320,192,224521,1,0,0:0:0:0:
320,192,224969,1,0,0:0:0:0:
64,192,225193,1,0,0:0:0:0:
320,192,225417,1,0,0:0:0:0:
64,192,225640,1,0,0:0:0:0:
320,192,225864,1,0,0:0:0:0:
64,192,226088,1,0,0:0:0:0:
192,192,226088,1,0,0:0:0:0:
320,192,226312,1,0,0:0:0:0:
320,192,226760,1,0,0:0:0:0:
320,192,227208,1,0,0:0:0:0:
448,192,227431,1,0,0:0:0:0:
320,192,227655,1,0,0:0:0:0:
448,192,227879,1,0,0:0:0:0:
320,192,227991,1,0,0:0:0:0:
192,192,228103,1,0,0:0:0:0:
64,192,228215,1,0,0:0:0:0:
320,192,228327,1,0,0:0:0:0:
448,192,228439,1,0,0:0:0:0:
64,192,228551,1,0,0:0:0:0:
192,192,228663,1,0,0:0:0:0:
448,192,228775,1,0,0:0:0:0:
320,192,228887,1,0,0:0:0:0:
192,192,228999,1,0,0:0:0:0:
64,192,229111,1,0,0:0:0:0:
320,192,229222,1,0,0:0:0:0:
448,192,229334,1,0,0:0:0:0:
192,192,229446,1,0,0:0:0:0:
320,192,229558,1,0,0:0:0:0:
64,192,229670,1,0,0:0:0:0:
448,192,229670,1,0,0:0:0:0:
320,192,229894,1,0,0:0:0:0:
192,192,230006,1,0,0:0:0:0:
64,192,230118,1,0,0:0:0:0:
320,192,230230,1,0,0:0:0:0:
64,192,230342,1,0,0:0:0:0:
320,192,230454,1,0,0:0:0:0:
64,192,230566,1,0,0:0:0:0:
320,192,230678,1,0,0:0:0:0:
64,192,230790,1,0,0:0:0:0:
320,192,230902,1,0,0:0:0:0:
64,192,231014,1,0,0:0:0:0:
320,192,231125,1,0,0:0:0:0:
64,192,231237,1,0,0:0:0:0:
320,192,231349,1,0,0:0:0:0:
64,192,231461,128,0,231685:0:0:0:0:
192,192,231573,128,0,231797:0:0:0:0:
320,192,231685,128,0,231909:0:0:0:0:
448,192,231797,128,0,232021:0:0:0:0:
64,192,231909,128,0,232133:0:0:0:0:
192,192,232021,128,0,232245:0:0:0:0:
320,192,232133,128,0,232357:0:0:0:0:
448,192,232245,128,0,232469:0:0:0:0:
64,192,232357,128,0,232469:0:0:0:0:
192,192,232469,128,0,232581:0:0:0:0:
320,192,232581,128,0,232693:0:0:0:0:
448,192,232693,128,0,232805:0:0:0:0:
64,192,232805,1,0,0:0:0:0:
192,192,232805,128,0,233252:0:0:0:0:
64,192,233252,5,0,0:0:0:0:
448,192,233252,128,0,233588:0:0:0:0:
320,192,233252,1,0,0:0:0:0:
320,192,233476,128,0,233700:0:0:0:0:
192,192,233588,128,0,234036:0:0:0:0:
64,192,233700,128,0,233924:0:0:0:0:
448,192,233700,1,0,0:0:0:0:
320,192,233924,128,0,234260:0:0:0:0:
64,192,234148,128,0,234484:0:0:0:0:
448,192,234148,1,0,0:0:0:0:
192,192,234372,128,0,234596:0:0:0:0:
320,192,234484,128,0,234931:0:0:0:0:
448,192,234596,128,0,234819:0:0:0:0:
64,192,234596,1,0,0:0:0:0:
192,192,234819,128,0,235155:0:0:0:0:
448,192,235043,128,0,235379:0:0:0:0:
64,192,235043,1,0,0:0:0:0:
320,192,235267,128,0,235491:0:0:0:0:
192,192,235379,128,0,235827:0:0:0:0:
64,192,235491,128,0,235715:0:0:0:0:
448,192,235491,1,0,0:0:0:0:
320,192,235715,128,0,235939:0:0:0:0:
64,192,235939,128,0,236275:0:0:0:0:
448,192,235939,1,0,0:0:0:0:
192,192,236051,1,0,0:0:0:0:
320,192,236163,128,0,236275:0:0:0:0:
192,192,236387,1,0,0:0:0:0:
448,192,236387,128,0,236722:0:0:0:0:
192,192,236611,128,0,236722:0:0:0:0:
320,192,236611,1,0,0:0:0:0:
64,192,236834,128,0,237170:0:0:0:0:
320,192,236834,1,0,0:0:0:0:
448,192,236834,1,0,0:0:0:0:
192,192,237058,128,0,237282:0:0:0:0:
320,192,237170,128,0,237618:0:0:0:0:
448,192,237282,128,0,237506:0:0:0:0:
64,192,237282,1,0,0:0:0:0:
192,192,237506,128,0,237842:0:0:0:0:
448,192,237730,128,0,238066:0:0:0:0:
64,192,237730,1,0,0:0:0:0:
320,192,237954,128,0,238178:0:0:0:0:
192,192,238066,128,0,238514:0:0:0:0:
64,192,238178,128,0,238402:0:0:0:0:
448,192,238178,1,0,0:0:0:0:
320,192,238402,128,0,238737:0:0:0:0:
64,192,238625,128,0,238961:0:0:0:0:
448,192,238625,1,0,0:0:0:0:
192,192,238849,128,0,239073:0:0:0:0:
320,192,238961,128,0,239409:0:0:0:0:
448,192,239073,128,0,239297:0:0:0:0:
64,192,239073,1,0,0:0:0:0:
192,192,239297,128,0,239409:0:0:0:0:
448,192,239409,1,0,0:0:0:0:
64,192,239409,1,0,0:0:0:0:
192,192,239521,128,0,239857:0:0:0:0:
320,192,239521,128,0,239857:0:0:0:0:
64,192,239745,1,0,0:0:0:0:
448,192,239745,1,0,0:0:0:0:
448,192,239969,128,0,240193:0:0:0:0:
64,192,239969,128,0,240305:0:0:0:0:
192,192,240193,128,0,240305:0:0:0:0:
320,192,240193,128,0,240305:0:0:0:0:
448,192,240305,1,0,0:0:0:0:
192,192,240417,128,0,240752:0:0:0:0:
64,192,240417,1,0,0:0:0:0:
320,192,240640,128,0,240864:0:0:0:0:
448,192,240752,128,0,241312:0:0:0:0:
64,192,240864,128,0,241200:0:0:0:0:
192,192,240864,1,0,0:0:0:0:
320,192,241088,128,0,241424:0:0:0:0:
192,192,241312,128,0,241648:0:0:0:0:
64,192,241312,1,0,0:0:0:0:
448,192,241536,128,0,241648:0:0:0:0:
192,192,241760,1,0,0:0:0:0:
448,192,241760,1,0,0:0:0:0:
320,192,241984,128,0,242319:0:0:0:0:
64,192,242208,128,0,242991:0:0:0:0:
192,192,242208,1,0,0:0:0:0:
320,192,242431,128,0,242543:0:0:0:0:
192,192,242655,128,0,242991:0:0:0:0:
448,192,242655,1,0,0:0:0:0:
320,192,242879,128,0,242991:0:0:0:0:
64,192,243103,128,0,243439:0:0:0:0:
448,192,243103,1,0,0:0:0:0:
320,192,243215,1,0,0:0:0:0:
192,192,243327,128,0,243551:0:0:0:0:
320,192,243439,128,0,243887:0:0:0:0:
448,192,243551,128,0,243775:0:0:0:0:
64,192,243551,1,0,0:0:0:0:
192,192,243775,128,0,244111:0:0:0:0:
64,192,243887,1,0,0:0:0:0:
320,192,243999,1,0,0:0:0:0:
448,192,243999,128,0,245790:0:0:0:0:
192,192,244222,1,0,0:0:0:0:
64,192,244446,1,0,0:0:0:0:
320,192,244446,1,0,0:0:0:0:
64,192,244670,1,0,0:0:0:0:
192,192,244894,1,0,0:0:0:0:
320,192,244894,1,0,0:0:0:0:
64,192,245118,1,0,0:0:0:0:
192,192,245342,1,0,0:0:0:0:
320,192,245342,1,0,0:0:0:0:
192,192,245566,1,0,0:0:0:0:
320,192,245790,1,0,0:0:0:0:
64,192,245790,1,0,0:0:0:0:
320,192,246125,1,0,0:0:0:0:
448,192,246125,1,0,0:0:0:0:
64,192,246237,1,0,0:0:0:0:
192,192,246237,1,0,0:0:0:0:
448,192,246461,128,0,246797:0:0:0:0:
320,192,246461,1,0,0:0:0:0:
64,192,246685,128,0,247021:0:0:0:0:
192,192,246685,1,0,0:0:0:0:
448,192,246909,1,0,0:0:0:0:
320,192,246909,128,0,247357:0:0:0:0:
64,192,247133,128,0,247469:0:0:0:0:
192,192,247133,1,0,0:0:0:0:
448,192,247245,128,0,247469:0:0:0:0:
192,192,247357,128,0,247581:0:0:0:0:
320,192,247469,128,0,247581:0:0:0:0:
448,192,247581,128,0,248364:0:0:0:0:
64,192,247581,1,0,0:0:0:0:
192,192,247805,128,0,247917:0:0:0:0:
64,192,248028,1,0,0:0:0:0:
320,192,248028,1,0,0:0:0:0:
192,192,248252,128,0,248588:0:0:0:0:
320,192,248476,128,0,248812:0:0:0:0:
448,192,248476,1,0,0:0:0:0:
64,192,248700,128,0,249036:0:0:0:0:
320,192,248924,128,0,249260:0:0:0:0:
448,192,248924,1,0,0:0:0:0:
192,192,249148,128,0,249484:0:0:0:0:
448,192,249372,128,0,249931:0:0:0:0:
64,192,249372,1,0,0:0:0:0:
192,192,249596,128,0,249708:0:0:0:0:
320,192,249819,128,0,250379:0:0:0:0:
64,192,249819,1,0,0:0:0:0:
448,192,250043,128,0,250155:0:0:0:0:
192,192,250267,128,0,250827:0:0:0:0:
64,192,250267,1,0,0:0:0:0:
320,192,250491,128,0,250603:0:0:0:0:
448,192,250715,128,0,251051:0:0:0:0:
64,192,250715,1,0,0:0:0:0:
64,192,250939,128,0,251051:0:0:0:0:
320,192,250939,1,0,0:0:0:0:
192,192,251163,128,0,251499:0:0:0:0:
448,192,251163,1,0,0:0:0:0:
320,192,251387,128,0,251611:0:0:0:0:
448,192,251499,128,0,251946:0:0:0:0:
64,192,251611,1,0,0:0:0:0:
192,192,251611,1,0,0:0:0:0:
192,192,251834,128,0,251946:0:0:0:0:
320,192,252058,128,0,252394:0:0:0:0:
64,192,252058,1,0,0:0:0:0:
192,192,252282,128,0,252506:0:0:0:0:
64,192,252394,128,0,252842:0:0:0:0:
448,192,252506,1,0,0:0:0:0:
320,192,252506,1,0,0:0:0:0:
320,192,252730,128,0,252842:0:0:0:0:
192,192,252954,128,0,253737:0:0:0:0:
448,192,252954,1,0,0:0:0:0:
64,192,253178,128,0,253290:0:0:0:0:
448,192,253402,1,0,0:0:0:0:
320,192,253402,1,0,0:0:0:0:
64,192,253625,128,0,253737:0:0:0:0:
320,192,253737,1,0,0:0:0:0:
448,192,253737,1,0,0:0:0:0:
192,192,253849,128,0,254185:0:0:0:0:
64,192,253849,1,0,0:0:0:0:
448,192,254073,1,0,0:0:0:0:
320,192,254073,128,0,254185:0:0:0:0:
64,192,254297,128,0,254633:0:0:0:0:
448,192,254297,1,0,0:0:0:0:
320,192,254521,128,0,254633:0:0:0:0:
192,192,254521,1,0,0:0:0:0:
448,192,254633,1,0,0:0:0:0:
320,192,254745,128,0,255305:0:0:0:0:
64,192,254745,1,0,0:0:0:0:
192,192,254969,128,0,255081:0:0:0:0:
448,192,255193,128,0,255752:0:0:0:0:
64,192,255193,1,0,0:0:0:0:
320,192,255417,128,0,255528:0:0:0:0:
192,192,255640,128,0,255976:0:0:0:0:
64,192,255640,1,0,0:0:0:0:
320,192,255864,128,0,256088:0:0:0:0:
448,192,255976,128,0,256424:0:0:0:0:
64,192,256088,1,0,0:0:0:0:
192,192,256088,1,0,0:0:0:0:
192,192,256312,128,0,256424:0:0:0:0:
192,192,256536,128,0,257096:0:0:0:0:
448,192,256536,1,0,0:0:0:0:
320,192,256760,128,0,256872:0:0:0:0:
64,192,256984,128,0,257543:0:0:0:0:
448,192,256984,1,0,0:0:0:0:
192,192,257208,128,0,257319:0:0:0:0:
320,192,257431,128,0,257767:0:0:0:0:
448,192,257431,1,0,0:0:0:0:
192,192,257655,128,0,257879:0:0:0:0:
64,192,257767,128,0,258215:0:0:0:0:
448,192,257879,1,0,0:0:0:0:
320,192,257879,1,0,0:0:0:0:
448,192,258103,128,0,258215:0:0:0:0:
320,192,258103,1,0,0:0:0:0:
192,192,258215,1,0,0:0:0:0:
64,192,258327,128,0,258663:0:0:0:0:
448,192,258327,128,0,258663:0:0:0:0:
320,192,258551,128,0,258775:0:0:0:0:
192,192,258663,128,0,258775:0:0:0:0:
448,192,258775,128,0,259111:0:0:0:0:
64,192,258775,128,0,259111:0:0:0:0:
320,192,258887,1,0,0:0:0:0:
192,192,258999,128,0,259222:0:0:0:0:
320,192,259111,128,0,259222:0:0:0:0:
64,192,259222,128,0,259558:0:0:0:0:
448,192,259222,128,0,259558:0:0:0:0:
192,192,259334,1,0,0:0:0:0:
320,192,259446,128,0,259670:0:0:0:0:
192,192,259558,128,0,259670:0:0:0:0:
448,192,259670,128,0,260006:0:0:0:0:
64,192,259670,128,0,260006:0:0:0:0:
320,192,259782,1,0,0:0:0:0:
192,192,259894,128,0,260118:0:0:0:0:
320,192,260006,128,0,260118:0:0:0:0:
448,192,260118,128,0,260454:0:0:0:0:
64,192,260118,1,0,0:0:0:0:
192,192,260230,1,0,0:0:0:0:
320,192,260342,1,0,0:0:0:0:
192,192,260454,1,0,0:0:0:0:
64,192,260454,1,0,0:0:0:0:
320,192,260566,128,0,260902:0:0:0:0:
448,192,260566,1,0,0:0:0:0:
64,192,260678,1,0,0:0:0:0:
448,192,260790,128,0,260902:0:0:0:0:
64,192,260902,1,0,0:0:0:0:
448,192,261014,1,0,0:0:0:0:
192,192,261014,128,0,261349:0:0:0:0:
320,192,261125,1,0,0:0:0:0:
64,192,261237,128,0,261349:0:0:0:0:
320,192,261349,1,0,0:0:0:0:
64,192,261461,1,0,0:0:0:0:
448,192,261461,1,0,0:0:0:0:
320,192,261573,1,0,0:0:0:0:
192,192,261685,1,0,0:0:0:0:
448,192,261797,1,0,0:0:0:0:
64,192,261797,1,0,0:0:0:0:
192,192,261909,5,0,0:0:0:0:
320,192,261909,128,0,262245:0:0:0:0:
192,192,262133,1,0,0:0:0:0:
448,192,262357,1,0,0:0:0:0:
64,192,262357,128,0,262693:0:0:0:0:
320,192,262581,1,0,0:0:0:0:
64,192,262805,1,0,0:0:0:0:
192,192,262805,128,0,263140:0:0:0:0:
448,192,263028,1,0,0:0:0:0:
192,192,263252,1,0,0:0:0:0:
320,192,263252,128,0,263588:0:0:0:0:
64,192,263476,1,0,0:0:0:0:
320,192,263700,1,0,0:0:0:0:
448,192,263700,128,0,264036:0:0:0:0:
192,192,263924,1,0,0:0:0:0:
448,192,264148,1,0,0:0:0:0:
64,192,264148,128,0,264484:0:0:0:0:
192,192,264260,128,0,264484:0:0:0:0:
320,192,264372,128,0,264484:0:0:0:0:
64,192,264596,1,0,0:0:0:0:
448,192,264596,128,0,264931:0:0:0:0:
320,192,264708,128,0,264931:0:0:0:0:
192,192,264819,128,0,264931:0:0:0:0:
320,192,265043,1,0,0:0:0:0:
64,192,265043,128,0,265379:0:0:0:0:
320,192,265267,128,0,265379:0:0:0:0:
448,192,265267,1,0,0:0:0:0:
64,192,265491,1,0,0:0:0:0:
192,192,265491,128,0,265827:0:0:0:0:
448,192,265603,128,0,265827:0:0:0:0:
64,192,265715,128,0,265827:0:0:0:0:
448,192,265939,128,0,266275:0:0:0:0:
320,192,265939,1,0,0:0:0:0:
192,192,266163,1,0,0:0:0:0:
448,192,266387,1,0,0:0:0:0:
64,192,266387,128,0,266722:0:0:0:0:
192,192,266499,128,0,266722:0:0:0:0:
320,192,266611,128,0,266722:0:0:0:0:
64,192,266834,128,0,267170:0:0:0:0:
448,192,266834,1,0,0:0:0:0:
320,192,267058,1,0,0:0:0:0:
64,192,267282,1,0,0:0:0:0:
192,192,267282,128,0,267618:0:0:0:0:
448,192,267506,1,0,0:0:0:0:
64,192,267730,1,0,0:0:0:0:
448,192,267730,128,0,268066:0:0:0:0:
320,192,267842,128,0,268066:0:0:0:0:
192,192,267954,128,0,268066:0:0:0:0:
64,192,268066,1,0,0:0:0:0:
448,192,268178,1,0,0:0:0:0:
320,192,268178,128,0,268514:0:0:0:0:
64,192,268290,128,0,268514:0:0:0:0:
448,192,268402,128,0,268514:0:0:0:0:
64,192,268625,1,0,0:0:0:0:
192,192,268625,1,0,0:0:0:0:
320,192,268737,1,0,0:0:0:0:
448,192,268849,1,0,0:0:0:0:
64,192,268849,1,0,0:0:0:0:
192,192,268961,1,0,0:0:0:0:
448,192,269073,1,0,0:0:0:0:
320,192,269073,128,0,269297:0:0:0:0:
192,192,269185,128,0,269409:0:0:0:0:
64,192,269297,128,0,269857:0:0:0:0:
320,192,269521,1,0,0:0:0:0:
448,192,269521,1,0,0:0:0:0:
320,192,269745,128,0,269857:0:0:0:0:
448,192,269969,1,0,0:0:0:0:
64,192,269969,128,0,270305:0:0:0:0:
192,192,270081,128,0,270305:0:0:0:0:
320,192,270193,128,0,270305:0:0:0:0:
64,192,270417,128,0,270752:0:0:0:0:
448,192,270417,1,0,0:0:0:0:
320,192,270640,128,0,270752:0:0:0:0:
448,192,270640,1,0,0:0:0:0:
64,192,270864,1,0,0:0:0:0:
192,192,270864,128,0,271088:0:0:0:0:
320,192,270976,128,0,271200:0:0:0:0:
448,192,271088,128,0,271648:0:0:0:0:
192,192,271312,1,0,0:0:0:0:
64,192,271312,1,0,0:0:0:0:
192,192,271536,128,0,271648:0:0:0:0:
64,192,271760,1,0,0:0:0:0:
448,192,271760,128,0,272096:0:0:0:0:
320,192,271872,128,0,272096:0:0:0:0:
192,192,271984,128,0,272096:0:0:0:0:
448,192,272208,128,0,272543:0:0:0:0:
64,192,272208,1,0,0:0:0:0:
192,192,272431,128,0,272543:0:0:0:0:
64,192,272431,1,0,0:0:0:0:
448,192,272655,1,0,0:0:0:0:
320,192,272655,128,0,272879:0:0:0:0:
192,192,272767,128,0,272991:0:0:0:0:
64,192,272879,128,0,274334:0:0:0:0:
320,192,273103,1,0,0:0:0:0:
448,192,273103,1,0,0:0:0:0:
192,192,273327,1,0,0:0:0:0:
320,192,273551,1,0,0:0:0:0:
448,192,273551,1,0,0:0:0:0:
192,192,273775,1,0,0:0:0:0:
448,192,273999,1,0,0:0:0:0:
320,192,273999,1,0,0:0:0:0:
192,192,274222,1,0,0:0:0:0:
448,192,274446,1,0,0:0:0:0:
64,192,274446,128,0,275006:0:0:0:0:
320,192,274670,1,0,0:0:0:0:
192,192,274670,128,0,275006:0:0:0:0:
320,192,274894,1,0,0:0:0:0:
448,192,274894,128,0,275006:0:0:0:0:
192,192,275118,128,0,275342:0:0:0:0:
320,192,275230,128,0,275342:0:0:0:0:
64,192,275342,1,0,0:0:0:0:
448,192,275342,128,0,275566:0:0:0:0:
320,192,275454,128,0,275678:0:0:0:0:
192,192,275566,128,0,275790:0:0:0:0:
64,192,275678,128,0,275790:0:0:0:0:
320,192,275790,1,0,0:0:0:0:
448,192,275790,128,0,276125:0:0:0:0:
64,192,275902,128,0,276125:0:0:0:0:
192,192,276014,128,0,276237:0:0:0:0:
320,192,276125,128,0,276237:0:0:0:0:
64,192,276237,5,0,0:0:0:0:
448,192,276237,128,0,276573:0:0:0:0:
192,192,276461,1,0,0:0:0:0:
448,192,276685,1,0,0:0:0:0:
320,192,276685,128,0,277021:0:0:0:0:
64,192,276909,1,0,0:0:0:0:
320,192,277133,1,0,0:0:0:0:
192,192,277133,128,0,277469:0:0:0:0:
448,192,277357,1,0,0:0:0:0:
192,192,277581,1,0,0:0:0:0:
64,192,277581,128,0,277917:0:0:0:0:
320,192,277805,1,0,0:0:0:0:
448,192,278028,128,0,278364:0:0:0:0:
64,192,278028,1,0,0:0:0:0:
192,192,278252,1,0,0:0:0:0:
448,192,278476,1,0,0:0:0:0:
320,192,278476,128,0,278812:0:0:0:0:
192,192,278588,128,0,278812:0:0:0:0:
64,192,278700,128,0,278812:0:0:0:0:
64,192,278924,1,0,0:0:0:0:
192,192,278924,128,0,279260:0:0:0:0:
320,192,279036,128,0,279260:0:0:0:0:
448,192,279148,128,0,279260:0:0:0:0:
320,192,279372,128,0,279708:0:0:0:0:
64,192,279372,1,0,0:0:0:0:
448,192,279596,1,0,0:0:0:0:
64,192,279596,128,0,279708:0:0:0:0:
320,192,279819,1,0,0:0:0:0:
192,192,279819,128,0,280155:0:0:0:0:
448,192,279931,128,0,280155:0:0:0:0:
64,192,280043,128,0,280155:0:0:0:0:
448,192,280267,128,0,280603:0:0:0:0:
64,192,280267,1,0,0:0:0:0:
192,192,280491,1,0,0:0:0:0:
448,192,280715,1,0,0:0:0:0:
320,192,280715,128,0,281051:0:0:0:0:
192,192,280827,128,0,281051:0:0:0:0:
64,192,280939,128,0,281051:0:0:0:0:
320,192,281163,128,0,281499:0:0:0:0:
192,192,281163,1,0,0:0:0:0:
64,192,281387,1,0,0:0:0:0:
320,192,281611,1,0,0:0:0:0:
448,192,281611,128,0,281946:0:0:0:0:
192,192,281834,1,0,0:0:0:0:
448,192,282058,1,0,0:0:0:0:
320,192,282058,128,0,282394:0:0:0:0:
192,192,282170,128,0,282394:0:0:0:0:
64,192,282282,128,0,282394:0:0:0:0:
448,192,282394,1,0,0:0:0:0:
192,192,282506,1,0,0:0:0:0:
64,192,282506,128,0,282842:0:0:0:0:
320,192,282618,128,0,282842:0:0:0:0:
448,192,282730,128,0,282842:0:0:0:0:
448,192,282954,1,0,0:0:0:0:
64,192,282954,1,0,0:0:0:0:
320,192,283066,1,0,0:0:0:0:
192,192,283178,1,0,0:0:0:0:
64,192,283178,1,0,0:0:0:0:
320,192,283290,1,0,0:0:0:0:
448,192,283402,1,0,0:0:0:0:
64,192,283402,128,0,283625:0:0:0:0:
192,192,283514,128,0,283737:0:0:0:0:
320,192,283625,128,0,284185:0:0:0:0:
448,192,283849,1,0,0:0:0:0:
64,192,283849,1,0,0:0:0:0:
64,192,284073,128,0,284185:0:0:0:0:
448,192,284297,1,0,0:0:0:0:
320,192,284297,128,0,284633:0:0:0:0:
192,192,284409,128,0,284633:0:0:0:0:
64,192,284521,128,0,284633:0:0:0:0:
448,192,284745,128,0,285081:0:0:0:0:
320,192,284745,1,0,0:0:0:0:
320,192,284969,1,0,0:0:0:0:
64,192,284969,128,0,285081:0:0:0:0:
64,192,285193,1,0,0:0:0:0:
448,192,285193,128,0,285417:0:0:0:0:
320,192,285305,128,0,285528:0:0:0:0:
192,192,285417,128,0,285976:0:0:0:0:
64,192,285640,1,0,0:0:0:0:
448,192,285640,1,0,0:0:0:0:
448,192,285864,128,0,285976:0:0:0:0:
64,192,286088,1,0,0:0:0:0:
192,192,286088,128,0,286424:0:0:0:0:
320,192,286200,128,0,286424:0:0:0:0:
448,192,286312,128,0,286424:0:0:0:0:
64,192,286536,128,0,286872:0:0:0:0:
192,192,286536,1,0,0:0:0:0:
192,192,286760,1,0,0:0:0:0:
448,192,286760,128,0,286872:0:0:0:0:
320,192,286872,1,0,0:0:0:0:
448,192,286984,1,0,0:0:0:0:
64,192,286984,128,0,287208:0:0:0:0:
192,192,287096,128,0,287319:0:0:0:0:
320,192,287208,128,0,288775:0:0:0:0:
448,192,287431,1,0,0:0:0:0:
64,192,287431,1,0,0:0:0:0:
192,192,287655,1,0,0:0:0:0:
64,192,287879,1,0,0:0:0:0:
448,192,287879,1,0,0:0:0:0:
192,192,288103,1,0,0:0:0:0:
448,192,288327,1,0,0:0:0:0:
64,192,288327,1,0,0:0:0:0:
192,192,288551,1,0,0:0:0:0:
64,192,288775,1,0,0:0:0:0:
448,192,288775,1,0,0:0:0:0:
192,192,288999,1,0,0:0:0:0:
448,192,289111,1,0,0:0:0:0:
320,192,289111,1,0,0:0:0:0:
192,192,289222,1,0,0:0:0:0:
64,192,289222,128,0,289558:0:0:0:0:
320,192,289446,128,0,290006:0:0:0:0:
448,192,289446,1,0,0:0:0:0:
64,192,289670,1,0,0:0:0:0:
448,192,289670,128,0,290006:0:0:0:0:
192,192,289894,1,0,0:0:0:0:
64,192,289894,128,0,290006:0:0:0:0:
320,192,290118,128,0,290566:0:0:0:0:
448,192,290118,128,0,290566:0:0:0:0:
64,192,290118,128,0,290566:0:0:0:0:
