osu file format v14

[General]
AudioFilename: audio.ogg
AudioLeadIn: 0
PreviewTime: 161539
Countdown: 0
SampleSet: Soft
StackLeniency: 0.7
Mode: 3
LetterboxInBreaks: 0
SpecialStyle: 0
WidescreenStoryboard: 1

[Editor]
DistanceSpacing: 1.6
BeatDivisor: 4
GridSize: 4
TimelineZoom: 2.599999

[Metadata]
Title:Shooting Star
TitleUnicode:유성우
Artist:StelLive Cliche
ArtistUnicode:스텔라이브 Cliché
Creator:Seulgi
Version:Satellite
Source:
Tags:2nd original single 1st EP extended play Colorful Strokes 컬러풀 스트로크 스트로크스 k-pop kpop pop korean 3기생 3rd 클리셰 클리세 텐코 시부키 Tenko Shibuki 天狐 紫吹 아오쿠모 린 Aokumo Rin 青雲 凛 하나코 나나 Hanako Nana 花子ナナ 유즈하 리코 Yuzuha Riko 柚葉 莉子 DRLDMFKR REQ Accelers 엑셀러즈 virtual vtuber youtuber
BeatmapID:5684433
BeatmapSetID:2558358

[Difficulty]
HPDrainRate:8.5
CircleSize:4
OverallDifficulty:7.7
ApproachRate:5
SliderMultiplier:1.4
SliderTickRate:1

[Events]
//Background and Video events
Video,0,"video.mp4"
0,0,"1.jpg",0,0
//Break Periods
//Storyboard Layer 0 (Background)
//Storyboard Layer 1 (Fail)
//Storyboard Layer 2 (Pass)
//Storyboard Layer 3 (Foreground)
//Storyboard Layer 4 (Overlay)
//Storyboard Sound Samples

[TimingPoints]
487,315.789473684211,4,2,1,30,1,0
53855,-100,4,2,1,30,0,1
63329,-100,4,2,1,30,0,0
63960,-100,4,2,1,30,0,1
73750,-100,4,2,1,30,0,0
122065,-100,4,2,1,30,0,1
131539,-100,4,2,1,30,0,0
132171,-100,4,2,1,30,0,1
141960,-100,4,2,1,30,0,0
172592,-100,4,2,1,30,0,1
182381,-100,4,2,1,30,0,0


[HitObjects]
192,192,487,128,0,539:0:0:0:0:
320,192,513,128,0,644:0:0:0:0:
448,192,539,128,0,960:0:0:0:0:
64,192,644,1,0,0:0:0:0:
192,192,802,1,0,0:0:0:0:
64,192,960,128,0,1302:0:0:0:0:
192,192,1302,128,0,1750:0:0:0:0:
448,192,1302,128,0,1750:0:0:0:0:
320,192,1750,128,0,2026:0:0:0:0:
64,192,1776,128,0,2197:0:0:0:0:
448,192,2223,128,0,2500:0:0:0:0:
192,192,2250,128,0,2671:0:0:0:0:
448,192,2697,128,0,2973:0:0:0:0:
320,192,2723,128,0,3144:0:0:0:0:
64,192,3013,128,0,4276:0:0:0:0:
192,192,3013,128,0,3427:0:0:0:0:
448,192,3644,128,0,4276:0:0:0:0:
320,192,3960,128,0,4276:0:0:0:0:
320,192,4434,1,0,0:0:0:0:
192,192,4592,1,0,0:0:0:0:
64,192,4750,1,0,0:0:0:0:
448,192,4908,1,0,0:0:0:0:
320,192,5065,1,0,0:0:0:0:
64,192,5223,1,0,0:0:0:0:
448,192,5223,1,0,0:0:0:0:
192,192,5302,1,0,0:0:0:0:
320,192,5381,1,0,0:0:0:0:
448,192,5381,1,0,0:0:0:0:
192,192,5460,1,0,0:0:0:0:
64,192,5539,1,0,0:0:0:0:
448,192,5539,1,0,0:0:0:0:
320,192,5539,1,0,0:0:0:0:
64,192,5855,1,0,0:0:0:0:
192,192,5855,1,0,0:0:0:0:
448,192,5855,128,0,6171:0:0:0:0:
64,192,6171,1,0,0:0:0:0:
192,192,6171,1,0,0:0:0:0:
320,192,6329,1,0,0:0:0:0:
64,192,6329,1,0,0:0:0:0:
192,192,6487,1,0,0:0:0:0:
448,192,6487,1,0,0:0:0:0:
64,192,6487,1,0,0:0:0:0:
320,192,6644,128,0,6723:0:0:0:0:
448,192,6644,128,0,6802:0:0:0:0:
64,192,6802,128,0,6960:0:0:0:0:
192,192,6802,128,0,6881:0:0:0:0:
192,192,6960,128,0,7118:0:0:0:0:
320,192,6960,128,0,7039:0:0:0:0:
320,192,7118,128,0,7276:0:0:0:0:
448,192,7118,128,0,7197:0:0:0:0:
64,192,7118,1,0,0:0:0:0:
192,192,7276,128,0,7592:0:0:0:0:
64,192,7276,128,0,7434:0:0:0:0:
448,192,7434,1,0,0:0:0:0:
448,192,7592,128,0,7750:0:0:0:0:
320,192,7592,128,0,7671:0:0:0:0:
320,192,7750,128,0,7908:0:0:0:0:
192,192,7750,128,0,7829:0:0:0:0:
64,192,7750,1,0,0:0:0:0:
192,192,7908,128,0,8065:0:0:0:0:
64,192,7908,128,0,7987:0:0:0:0:
64,192,8065,128,0,8302:0:0:0:0:
320,192,8092,128,0,8381:0:0:0:0:
448,192,8118,128,0,8381:0:0:0:0:
64,192,8381,1,0,0:0:0:0:
192,192,8381,1,0,0:0:0:0:
448,192,8539,128,0,8776:0:0:0:0:
192,192,8565,128,0,8855:0:0:0:0:
64,192,8592,128,0,8855:0:0:0:0:
448,192,8855,1,0,0:0:0:0:
320,192,8855,1,0,0:0:0:0:
192,192,9013,1,0,0:0:0:0:
320,192,9013,1,0,0:0:0:0:
64,192,9013,1,0,0:0:0:0:
64,192,9171,1,0,0:0:0:0:
448,192,9171,128,0,9250:0:0:0:0:
320,192,9210,128,0,9368:0:0:0:0:
192,192,9250,128,0,9487:0:0:0:0:
448,192,9487,128,0,9565:0:0:0:0:
320,192,9487,128,0,9565:0:0:0:0:
448,192,9644,1,0,0:0:0:0:
192,192,9644,128,0,9723:0:0:0:0:
64,192,9644,128,0,9723:0:0:0:0:
192,192,9802,128,0,9881:0:0:0:0:
320,192,9802,128,0,9881:0:0:0:0:
448,192,9960,128,0,10197:0:0:0:0:
320,192,9960,128,0,10197:0:0:0:0:
64,192,9960,1,0,0:0:0:0:
64,192,10276,1,0,0:0:0:0:
448,192,10276,1,0,0:0:0:0:
320,192,10355,1,0,0:0:0:0:
192,192,10434,1,0,0:0:0:0:
64,192,10434,1,0,0:0:0:0:
320,192,10513,1,0,0:0:0:0:
64,192,10592,1,0,0:0:0:0:
192,192,10592,1,0,0:0:0:0:
448,192,10592,1,0,0:0:0:0:
64,192,10908,128,0,11223:0:0:0:0:
320,192,10908,1,0,0:0:0:0:
448,192,10908,1,0,0:0:0:0:
320,192,11223,1,0,0:0:0:0:
448,192,11223,1,0,0:0:0:0:
448,192,11381,1,0,0:0:0:0:
192,192,11381,1,0,0:0:0:0:
448,192,11539,1,0,0:0:0:0:
64,192,11539,1,0,0:0:0:0:
320,192,11539,1,0,0:0:0:0:
192,192,11697,128,0,11776:0:0:0:0:
64,192,11697,128,0,11855:0:0:0:0:
320,192,11855,128,0,11934:0:0:0:0:
448,192,11855,128,0,12013:0:0:0:0:
192,192,12013,128,0,12092:0:0:0:0:
320,192,12013,128,0,12171:0:0:0:0:
64,192,12171,128,0,12250:0:0:0:0:
192,192,12171,128,0,12329:0:0:0:0:
448,192,12171,1,0,0:0:0:0:
448,192,12329,128,0,12487:0:0:0:0:
320,192,12329,128,0,12644:0:0:0:0:
64,192,12487,1,0,0:0:0:0:
192,192,12644,128,0,12723:0:0:0:0:
64,192,12644,128,0,12802:0:0:0:0:
448,192,12802,1,0,0:0:0:0:
320,192,12802,128,0,12881:0:0:0:0:
192,192,12802,128,0,12960:0:0:0:0:
448,192,12960,128,0,13039:0:0:0:0:
320,192,12960,128,0,13513:0:0:0:0:
192,192,13118,128,0,13960:0:0:0:0:
64,192,13144,128,0,13987:0:0:0:0:
448,192,13592,1,0,0:0:0:0:
320,192,13618,1,0,0:0:0:0:
192,192,14065,1,0,0:0:0:0:
448,192,14065,1,0,0:0:0:0:
64,192,14092,1,0,0:0:0:0:
320,192,14223,1,0,0:0:0:0:
64,192,14381,1,0,0:0:0:0:
448,192,14381,1,0,0:0:0:0:
192,192,14381,1,0,0:0:0:0:
448,192,14539,128,0,14697:0:0:0:0:
320,192,14539,128,0,14644:0:0:0:0:
192,192,14539,128,0,14592:0:0:0:0:
64,192,14855,128,0,15250:0:0:0:0:
192,192,14855,128,0,15092:0:0:0:0:
320,192,14855,128,0,14934:0:0:0:0:
448,192,15171,128,0,15250:0:0:0:0:
320,192,15329,128,0,15408:0:0:0:0:
192,192,15487,128,0,15565:0:0:0:0:
64,192,15644,1,0,0:0:0:0:
320,192,15644,1,0,0:0:0:0:
448,192,15644,1,0,0:0:0:0:
64,192,15802,1,0,0:0:0:0:
448,192,15960,1,0,0:0:0:0:
320,192,15960,1,0,0:0:0:0:
192,192,16118,1,0,0:0:0:0:
320,192,16118,1,0,0:0:0:0:
448,192,16276,1,0,0:0:0:0:
64,192,16276,1,0,0:0:0:0:
448,192,16434,1,0,0:0:0:0:
192,192,16434,1,0,0:0:0:0:
320,192,16592,1,0,0:0:0:0:
448,192,16592,1,0,0:0:0:0:
64,192,16750,128,0,17065:0:0:0:0:
192,192,16750,128,0,17065:0:0:0:0:
448,192,16908,1,0,0:0:0:0:
448,192,17065,1,0,0:0:0:0:
64,192,17223,1,0,0:0:0:0:
192,192,17223,1,0,0:0:0:0:
64,192,17381,1,0,0:0:0:0:
192,192,17381,1,0,0:0:0:0:
448,192,17539,128,0,17776:0:0:0:0:
320,192,17539,1,0,0:0:0:0:
64,192,17697,128,0,18092:0:0:0:0:
192,192,17697,128,0,17855:0:0:0:0:
448,192,17855,1,0,0:0:0:0:
192,192,18013,128,0,18092:0:0:0:0:
320,192,18013,128,0,18092:0:0:0:0:
448,192,18171,1,0,0:0:0:0:
320,192,18171,1,0,0:0:0:0:
64,192,18171,1,0,0:0:0:0:
448,192,18329,1,0,0:0:0:0:
64,192,18487,1,0,0:0:0:0:
192,192,18487,1,0,0:0:0:0:
320,192,18644,1,0,0:0:0:0:
192,192,18644,1,0,0:0:0:0:
64,192,18802,1,0,0:0:0:0:
448,192,18802,1,0,0:0:0:0:
64,192,18960,1,0,0:0:0:0:
320,192,18960,1,0,0:0:0:0:
64,192,19118,128,0,19434:0:0:0:0:
192,192,19118,128,0,19434:0:0:0:0:
448,192,19276,1,0,0:0:0:0:
320,192,19434,128,0,19750:0:0:0:0:
448,192,19434,128,0,19750:0:0:0:0:
64,192,19592,1,0,0:0:0:0:
192,192,19750,1,0,0:0:0:0:
448,192,19908,1,0,0:0:0:0:
320,192,19908,1,0,0:0:0:0:
64,192,20065,128,0,20381:0:0:0:0:
192,192,20065,128,0,20223:0:0:0:0:
320,192,20223,1,0,0:0:0:0:
192,192,20381,1,0,0:0:0:0:
448,192,20381,1,0,0:0:0:0:
320,192,20460,1,0,0:0:0:0:
64,192,20539,1,0,0:0:0:0:
192,192,20618,1,0,0:0:0:0:
64,192,20697,1,0,0:0:0:0:
448,192,20697,1,0,0:0:0:0:
320,192,20697,1,0,0:0:0:0:
192,192,20855,1,0,0:0:0:0:
320,192,20855,1,0,0:0:0:0:
448,192,21013,1,0,0:0:0:0:
320,192,21013,1,0,0:0:0:0:
64,192,21013,1,0,0:0:0:0:
64,192,21171,128,0,21408:0:0:0:0:
192,192,21171,128,0,21408:0:0:0:0:
448,192,21171,1,0,0:0:0:0:
320,192,21329,1,0,0:0:0:0:
64,192,21487,1,0,0:0:0:0:
448,192,21487,1,0,0:0:0:0:
192,192,21487,1,0,0:0:0:0:
64,192,21644,1,0,0:0:0:0:
320,192,21644,128,0,22039:0:0:0:0:
448,192,21644,128,0,22039:0:0:0:0:
448,192,22118,1,0,0:0:0:0:
64,192,22118,128,0,22355:0:0:0:0:
320,192,22118,128,0,22197:0:0:0:0:
448,192,22276,1,0,0:0:0:0:
192,192,22276,128,0,22355:0:0:0:0:
320,192,22434,1,0,0:0:0:0:
64,192,22434,128,0,22513:0:0:0:0:
192,192,22750,1,0,0:0:0:0:
448,192,22750,128,0,23144:0:0:0:0:
320,192,22908,128,0,23065:0:0:0:0:
64,192,23065,1,0,0:0:0:0:
192,192,23065,1,0,0:0:0:0:
320,192,23144,1,0,0:0:0:0:
448,192,23223,1,0,0:0:0:0:
64,192,23223,1,0,0:0:0:0:
192,192,23223,128,0,23539:0:0:0:0:
320,192,23381,1,0,0:0:0:0:
448,192,23539,1,0,0:0:0:0:
64,192,23539,1,0,0:0:0:0:
320,192,23697,128,0,24329:0:0:0:0:
448,192,23697,1,0,0:0:0:0:
64,192,23697,1,0,0:0:0:0:
192,192,23855,1,0,0:0:0:0:
192,192,24013,1,0,0:0:0:0:
64,192,24013,1,0,0:0:0:0:
448,192,24171,1,0,0:0:0:0:
192,192,24329,1,0,0:0:0:0:
320,192,24460,1,0,0:0:0:0:
192,192,24487,1,0,0:0:0:0:
64,192,24487,1,0,0:0:0:0:
64,192,24644,128,0,24723:0:0:0:0:
320,192,24644,1,0,0:0:0:0:
448,192,24644,1,0,0:0:0:0:
192,192,24802,128,0,24881:0:0:0:0:
448,192,24802,1,0,0:0:0:0:
320,192,24960,128,0,25039:0:0:0:0:
64,192,24960,1,0,0:0:0:0:
192,192,24960,1,0,0:0:0:0:
448,192,25118,128,0,25197:0:0:0:0:
320,192,25118,1,0,0:0:0:0:
320,192,25276,128,0,25355:0:0:0:0:
192,192,25276,1,0,0:0:0:0:
192,192,25434,128,0,25513:0:0:0:0:
64,192,25434,1,0,0:0:0:0:
448,192,25513,1,0,0:0:0:0:
64,192,25592,128,0,25671:0:0:0:0:
320,192,25592,1,0,0:0:0:0:
192,192,25671,1,0,0:0:0:0:
64,192,25750,1,0,0:0:0:0:
448,192,25750,1,0,0:0:0:0:
320,192,25750,1,0,0:0:0:0:
320,192,25908,1,0,0:0:0:0:
64,192,26065,1,0,0:0:0:0:
192,192,26065,1,0,0:0:0:0:
192,192,26223,1,0,0:0:0:0:
320,192,26223,1,0,0:0:0:0:
448,192,26381,1,0,0:0:0:0:
64,192,26381,1,0,0:0:0:0:
320,192,26539,1,0,0:0:0:0:
64,192,26539,1,0,0:0:0:0:
64,192,26697,1,0,0:0:0:0:
192,192,26697,1,0,0:0:0:0:
320,192,26855,128,0,27171:0:0:0:0:
448,192,26855,128,0,27171:0:0:0:0:
64,192,27013,1,0,0:0:0:0:
64,192,27171,1,0,0:0:0:0:
320,192,27329,1,0,0:0:0:0:
448,192,27329,1,0,0:0:0:0:
320,192,27487,1,0,0:0:0:0:
448,192,27487,1,0,0:0:0:0:
192,192,27644,1,0,0:0:0:0:
64,192,27644,1,0,0:0:0:0:
64,192,27802,128,0,27881:0:0:0:0:
320,192,27802,128,0,27960:0:0:0:0:
448,192,27960,128,0,28118:0:0:0:0:
192,192,27960,128,0,28039:0:0:0:0:
64,192,28118,128,0,28276:0:0:0:0:
320,192,28118,128,0,28197:0:0:0:0:
448,192,28276,1,0,0:0:0:0:
192,192,28276,1,0,0:0:0:0:
64,192,28434,1,0,0:0:0:0:
192,192,28592,128,0,28750:0:0:0:0:
64,192,28592,128,0,28750:0:0:0:0:
320,192,28750,1,0,0:0:0:0:
192,192,28908,128,0,29065:0:0:0:0:
320,192,28908,128,0,29065:0:0:0:0:
448,192,29065,1,0,0:0:0:0:
320,192,29223,128,0,29381:0:0:0:0:
448,192,29223,128,0,29381:0:0:0:0:
64,192,29381,1,0,0:0:0:0:
448,192,29539,128,0,29776:0:0:0:0:
64,192,29539,1,0,0:0:0:0:
192,192,29539,128,0,29618:0:0:0:0:
192,192,29697,1,0,0:0:0:0:
320,192,29697,128,0,29776:0:0:0:0:
320,192,29855,1,0,0:0:0:0:
448,192,29855,128,0,29934:0:0:0:0:
64,192,29855,1,0,0:0:0:0:
64,192,30013,1,0,0:0:0:0:
192,192,30013,1,0,0:0:0:0:
448,192,30013,1,0,0:0:0:0:
320,192,30171,128,0,30250:0:0:0:0:
448,192,30171,128,0,30408:0:0:0:0:
64,192,30329,128,0,30644:0:0:0:0:
192,192,30329,128,0,30565:0:0:0:0:
320,192,30329,128,0,30487:0:0:0:0:
448,192,30644,1,0,0:0:0:0:
320,192,30644,1,0,0:0:0:0:
192,192,30723,1,0,0:0:0:0:
320,192,30802,1,0,0:0:0:0:
448,192,30802,1,0,0:0:0:0:
64,192,30802,1,0,0:0:0:0:
192,192,30960,1,0,0:0:0:0:
320,192,30960,1,0,0:0:0:0:
448,192,31118,1,0,0:0:0:0:
192,192,31118,1,0,0:0:0:0:
64,192,31118,1,0,0:0:0:0:
64,192,31276,1,0,0:0:0:0:
320,192,31276,128,0,31513:0:0:0:0:
448,192,31276,128,0,31513:0:0:0:0:
192,192,31434,1,0,0:0:0:0:
320,192,31592,1,0,0:0:0:0:
64,192,31592,1,0,0:0:0:0:
448,192,31592,1,0,0:0:0:0:
64,192,31750,128,0,32144:0:0:0:0:
192,192,31750,128,0,32144:0:0:0:0:
448,192,31750,1,0,0:0:0:0:
192,192,32223,128,0,32302:0:0:0:0:
448,192,32223,128,0,32460:0:0:0:0:
64,192,32223,1,0,0:0:0:0:
320,192,32381,128,0,32460:0:0:0:0:
64,192,32381,1,0,0:0:0:0:
448,192,32539,128,0,32618:0:0:0:0:
192,192,32539,1,0,0:0:0:0:
64,192,32855,128,0,33250:0:0:0:0:
320,192,32855,1,0,0:0:0:0:
192,192,33013,128,0,33171:0:0:0:0:
320,192,33171,1,0,0:0:0:0:
448,192,33171,1,0,0:0:0:0:
192,192,33250,1,0,0:0:0:0:
320,192,33329,128,0,33644:0:0:0:0:
448,192,33329,1,0,0:0:0:0:
64,192,33329,1,0,0:0:0:0:
192,192,33487,1,0,0:0:0:0:
448,192,33644,1,0,0:0:0:0:
64,192,33644,1,0,0:0:0:0:
320,192,33802,1,0,0:0:0:0:
192,192,33802,1,0,0:0:0:0:
64,192,33960,1,0,0:0:0:0:
192,192,33960,128,0,34434:0:0:0:0:
320,192,34118,1,0,0:0:0:0:
320,192,34276,1,0,0:0:0:0:
448,192,34276,1,0,0:0:0:0:
64,192,34434,1,0,0:0:0:0:
448,192,34565,1,0,0:0:0:0:
192,192,34592,1,0,0:0:0:0:
64,192,34592,128,0,34671:0:0:0:0:
320,192,34829,1,0,0:0:0:0:
192,192,34908,128,0,34987:0:0:0:0:
448,192,34987,1,0,0:0:0:0:
192,192,35065,1,0,0:0:0:0:
448,192,35223,1,0,0:0:0:0:
320,192,35223,128,0,35302:0:0:0:0:
448,192,35539,1,0,0:0:0:0:
192,192,35539,128,0,35618:0:0:0:0:
320,192,35697,1,0,0:0:0:0:
64,192,35855,128,0,36802:0:0:0:0:
448,192,35855,128,0,36487:0:0:0:0:
192,192,35855,128,0,36644:0:0:0:0:
320,192,36644,128,0,36802:0:0:0:0:
192,192,36802,128,0,36960:0:0:0:0:
64,192,36960,128,0,37118:0:0:0:0:
320,192,36960,1,0,0:0:0:0:
448,192,37118,128,0,38065:0:0:0:0:
192,192,37118,128,0,37434:0:0:0:0:
64,192,37592,1,0,0:0:0:0:
320,192,37592,128,0,38302:0:0:0:0:
192,192,37750,128,0,38302:0:0:0:0:
64,192,37908,1,0,0:0:0:0:
64,192,38065,128,0,38302:0:0:0:0:
320,192,38381,1,0,0:0:0:0:
64,192,38381,128,0,38697:0:0:0:0:
448,192,38381,128,0,39171:0:0:0:0:
192,192,38697,128,0,39013:0:0:0:0:
320,192,39013,128,0,39171:0:0:0:0:
64,192,39171,128,0,39329:0:0:0:0:
448,192,39329,128,0,39487:0:0:0:0:
320,192,39329,1,0,0:0:0:0:
320,192,39487,128,0,39644:0:0:0:0:
192,192,39487,1,0,0:0:0:0:
192,192,39644,128,0,40118:0:0:0:0:
64,192,39644,1,0,0:0:0:0:
448,192,39644,128,0,39960:0:0:0:0:
64,192,40118,128,0,40276:0:0:0:0:
320,192,40118,128,0,40276:0:0:0:0:
448,192,40118,1,0,0:0:0:0:
448,192,40276,1,0,0:0:0:0:
64,192,40434,128,0,40750:0:0:0:0:
192,192,40434,128,0,40750:0:0:0:0:
320,192,40434,1,0,0:0:0:0:
448,192,40750,1,0,0:0:0:0:
320,192,40750,1,0,0:0:0:0:
320,192,40908,128,0,42092:0:0:0:0:
192,192,40908,128,0,42408:0:0:0:0:
64,192,40908,128,0,42723:0:0:0:0:
448,192,40908,128,0,41460:0:0:0:0:
448,192,41539,128,0,42723:0:0:0:0:
320,192,42171,128,0,43039:0:0:0:0:
192,192,42487,128,0,43197:0:0:0:0:
448,192,42802,128,0,43039:0:0:0:0:
64,192,42802,128,0,43197:0:0:0:0:
320,192,43118,128,0,43355:0:0:0:0:
448,192,43118,128,0,43355:0:0:0:0:
192,192,43276,128,0,43355:0:0:0:0:
64,192,43276,128,0,43355:0:0:0:0:
448,192,43434,128,0,44065:0:0:0:0:
64,192,43434,128,0,43908:0:0:0:0:
192,192,43434,128,0,43960:0:0:0:0:
320,192,43434,128,0,44013:0:0:0:0:
448,192,44223,1,0,0:0:0:0:
320,192,44223,1,0,0:0:0:0:
64,192,44223,1,0,0:0:0:0:
192,192,44381,1,0,0:0:0:0:
320,192,44381,1,0,0:0:0:0:
448,192,44539,1,0,0:0:0:0:
64,192,44539,128,0,44776:0:0:0:0:
192,192,44539,1,0,0:0:0:0:
320,192,44855,1,0,0:0:0:0:
192,192,44855,1,0,0:0:0:0:
64,192,44855,1,0,0:0:0:0:
192,192,45013,1,0,0:0:0:0:
320,192,45013,1,0,0:0:0:0:
448,192,45013,1,0,0:0:0:0:
64,192,45171,1,0,0:0:0:0:
320,192,45171,1,0,0:0:0:0:
448,192,45171,128,0,45408:0:0:0:0:
192,192,45329,1,0,0:0:0:0:
320,192,45408,1,0,0:0:0:0:
192,192,45487,1,0,0:0:0:0:
64,192,45487,1,0,0:0:0:0:
448,192,45565,1,0,0:0:0:0:
192,192,45644,1,0,0:0:0:0:
320,192,45644,1,0,0:0:0:0:
64,192,45723,1,0,0:0:0:0:
320,192,45802,1,0,0:0:0:0:
448,192,45802,1,0,0:0:0:0:
192,192,45881,1,0,0:0:0:0:
448,192,45960,1,0,0:0:0:0:
320,192,45960,1,0,0:0:0:0:
64,192,45960,1,0,0:0:0:0:
448,192,46276,1,0,0:0:0:0:
64,192,46276,1,0,0:0:0:0:
320,192,46276,1,0,0:0:0:0:
192,192,46434,1,0,0:0:0:0:
320,192,46434,1,0,0:0:0:0:
64,192,46592,128,0,46908:0:0:0:0:
192,192,46592,128,0,46750:0:0:0:0:
448,192,46750,1,0,0:0:0:0:
192,192,46908,128,0,47223:0:0:0:0:
320,192,46908,128,0,47065:0:0:0:0:
448,192,46908,1,0,0:0:0:0:
64,192,47065,1,0,0:0:0:0:
320,192,47223,128,0,47539:0:0:0:0:
448,192,47223,128,0,47381:0:0:0:0:
64,192,47381,128,0,47539:0:0:0:0:
192,192,47539,128,0,47855:0:0:0:0:
448,192,47539,128,0,47697:0:0:0:0:
64,192,47697,128,0,47855:0:0:0:0:
448,192,47855,128,0,48329:0:0:0:0:
320,192,47855,128,0,48171:0:0:0:0:
64,192,48013,1,0,0:0:0:0:
64,192,48171,1,0,0:0:0:0:
192,192,48171,1,0,0:0:0:0:
320,192,48329,1,0,0:0:0:0:
192,192,48408,1,0,0:0:0:0:
64,192,48487,128,0,49118:0:0:0:0:
448,192,48487,1,0,0:0:0:0:
320,192,48487,1,0,0:0:0:0:
192,192,48644,1,0,0:0:0:0:
448,192,48644,1,0,0:0:0:0:
320,192,48802,1,0,0:0:0:0:
320,192,48960,1,0,0:0:0:0:
448,192,48960,128,0,49592:0:0:0:0:
192,192,48960,1,0,0:0:0:0:
192,192,49118,1,0,0:0:0:0:
320,192,49276,1,0,0:0:0:0:
64,192,49276,1,0,0:0:0:0:
320,192,49434,128,0,49987:0:0:0:0:
64,192,49434,128,0,49829:0:0:0:0:
192,192,49434,128,0,49829:0:0:0:0:
64,192,49908,128,0,50302:0:0:0:0:
192,192,49908,128,0,50144:0:0:0:0:
448,192,49908,1,0,0:0:0:0:
320,192,50065,1,0,0:0:0:0:
192,192,50223,1,0,0:0:0:0:
448,192,50302,1,0,0:0:0:0:
64,192,50381,1,0,0:0:0:0:
320,192,50381,1,0,0:0:0:0:
192,192,50539,1,0,0:0:0:0:
448,192,50539,1,0,0:0:0:0:
320,192,50697,1,0,0:0:0:0:
448,192,50697,1,0,0:0:0:0:
64,192,50776,1,0,0:0:0:0:
192,192,50776,1,0,0:0:0:0:
320,192,50855,1,0,0:0:0:0:
448,192,50855,1,0,0:0:0:0:
192,192,50934,1,0,0:0:0:0:
64,192,51013,1,0,0:0:0:0:
320,192,51013,1,0,0:0:0:0:
448,192,51013,1,0,0:0:0:0:
320,192,51171,1,0,0:0:0:0:
448,192,51171,1,0,0:0:0:0:
64,192,51171,1,0,0:0:0:0:
192,192,51329,1,0,0:0:0:0:
320,192,51329,1,0,0:0:0:0:
320,192,51487,1,0,0:0:0:0:
192,192,51487,1,0,0:0:0:0:
448,192,51487,1,0,0:0:0:0:
448,192,51644,1,0,0:0:0:0:
64,192,51644,1,0,0:0:0:0:
64,192,51802,1,0,0:0:0:0:
320,192,51802,1,0,0:0:0:0:
192,192,51802,1,0,0:0:0:0:
64,192,51960,1,0,0:0:0:0:
448,192,51960,1,0,0:0:0:0:
64,192,52118,1,0,0:0:0:0:
192,192,52118,1,0,0:0:0:0:
320,192,52118,1,0,0:0:0:0:
448,192,52118,1,0,0:0:0:0:
448,192,52908,1,0,0:0:0:0:
320,192,52908,1,0,0:0:0:0:
192,192,53065,1,0,0:0:0:0:
320,192,53065,1,0,0:0:0:0:
192,192,53223,1,0,0:0:0:0:
64,192,53223,1,0,0:0:0:0:
64,192,53381,1,0,0:0:0:0:
448,192,53381,1,0,0:0:0:0:
320,192,53539,1,0,0:0:0:0:
192,192,53539,1,0,0:0:0:0:
448,192,53539,1,0,0:0:0:0:
64,192,53855,1,0,0:0:0:0:
192,192,53855,1,0,0:0:0:0:
320,192,53855,1,0,0:0:0:0:
448,192,54013,1,0,0:0:0:0:
320,192,54013,1,0,0:0:0:0:
64,192,54092,1,0,0:0:0:0:
192,192,54171,1,0,0:0:0:0:
448,192,54250,1,0,0:0:0:0:
320,192,54329,1,0,0:0:0:0:
64,192,54329,128,0,54684:0:0:0:0:
448,192,54487,1,0,0:0:0:0:
192,192,54644,128,0,54723:0:0:0:0:
320,192,54684,128,0,54763:0:0:0:0:
448,192,54723,128,0,54881:0:0:0:0:
192,192,54802,1,0,0:0:0:0:
64,192,54960,1,0,0:0:0:0:
320,192,54960,128,0,55118:0:0:0:0:
448,192,54960,128,0,55302:0:0:0:0:
64,192,55118,1,0,0:0:0:0:
192,192,55118,1,0,0:0:0:0:
320,192,55276,128,0,55355:0:0:0:0:
192,192,55315,128,0,55394:0:0:0:0:
64,192,55355,128,0,55513:0:0:0:0:
320,192,55434,1,0,0:0:0:0:
448,192,55592,1,0,0:0:0:0:
192,192,55592,128,0,55908:0:0:0:0:
64,192,55592,128,0,55750:0:0:0:0:
448,192,55750,1,0,0:0:0:0:
320,192,55750,1,0,0:0:0:0:
64,192,55908,1,0,0:0:0:0:
320,192,55908,1,0,0:0:0:0:
448,192,56065,1,0,0:0:0:0:
64,192,56065,128,0,56302:0:0:0:0:
192,192,56065,128,0,56302:0:0:0:0:
64,192,56381,1,0,0:0:0:0:
192,192,56381,1,0,0:0:0:0:
448,192,56381,1,0,0:0:0:0:
64,192,56539,1,0,0:0:0:0:
320,192,56539,128,0,56776:0:0:0:0:
448,192,56539,128,0,56776:0:0:0:0:
320,192,56855,1,0,0:0:0:0:
448,192,56855,1,0,0:0:0:0:
64,192,56855,1,0,0:0:0:0:
192,192,57013,1,0,0:0:0:0:
64,192,57013,1,0,0:0:0:0:
448,192,57013,1,0,0:0:0:0:
64,192,57171,1,0,0:0:0:0:
192,192,57171,128,0,57408:0:0:0:0:
320,192,57171,128,0,57408:0:0:0:0:
192,192,57487,1,0,0:0:0:0:
448,192,57487,1,0,0:0:0:0:
320,192,57487,1,0,0:0:0:0:
64,192,57644,1,0,0:0:0:0:
192,192,57644,1,0,0:0:0:0:
320,192,57644,1,0,0:0:0:0:
192,192,57802,1,0,0:0:0:0:
320,192,57802,1,0,0:0:0:0:
448,192,57802,1,0,0:0:0:0:
64,192,57960,1,0,0:0:0:0:
448,192,57960,1,0,0:0:0:0:
192,192,57960,1,0,0:0:0:0:
320,192,58118,1,0,0:0:0:0:
64,192,58118,1,0,0:0:0:0:
448,192,58276,1,0,0:0:0:0:
192,192,58276,1,0,0:0:0:0:
64,192,58355,1,0,0:0:0:0:
448,192,58434,1,0,0:0:0:0:
320,192,58434,1,0,0:0:0:0:
192,192,58513,1,0,0:0:0:0:
320,192,58592,1,0,0:0:0:0:
448,192,58592,128,0,58829:0:0:0:0:
64,192,58592,1,0,0:0:0:0:
192,192,58750,1,0,0:0:0:0:
64,192,58829,1,0,0:0:0:0:
320,192,58908,1,0,0:0:0:0:
448,192,58908,1,0,0:0:0:0:
192,192,59065,1,0,0:0:0:0:
448,192,59065,1,0,0:0:0:0:
64,192,59065,128,0,59302:0:0:0:0:
320,192,59223,1,0,0:0:0:0:
448,192,59302,1,0,0:0:0:0:
64,192,59381,1,0,0:0:0:0:
192,192,59381,1,0,0:0:0:0:
320,192,59539,1,0,0:0:0:0:
448,192,59539,1,0,0:0:0:0:
64,192,59539,1,0,0:0:0:0:
64,192,59697,1,0,0:0:0:0:
320,192,59697,1,0,0:0:0:0:
192,192,59697,128,0,59934:0:0:0:0:
448,192,59855,1,0,0:0:0:0:
64,192,60013,128,0,60092:0:0:0:0:
192,192,60013,128,0,60092:0:0:0:0:
448,192,60092,1,0,0:0:0:0:
192,192,60171,128,0,60250:0:0:0:0:
320,192,60171,128,0,60250:0:0:0:0:
64,192,60250,1,0,0:0:0:0:
320,192,60329,128,0,60565:0:0:0:0:
448,192,60329,1,0,0:0:0:0:
192,192,60329,1,0,0:0:0:0:
64,192,60487,1,0,0:0:0:0:
192,192,60644,1,0,0:0:0:0:
320,192,60644,1,0,0:0:0:0:
448,192,60644,1,0,0:0:0:0:
320,192,60802,128,0,60960:0:0:0:0:
448,192,60802,1,0,0:0:0:0:
192,192,60842,128,0,61039:0:0:0:0:
64,192,60881,128,0,61118:0:0:0:0:
448,192,61118,128,0,61197:0:0:0:0:
320,192,61118,128,0,61197:0:0:0:0:
64,192,61197,1,0,0:0:0:0:
320,192,61276,128,0,61355:0:0:0:0:
192,192,61276,128,0,61355:0:0:0:0:
448,192,61355,1,0,0:0:0:0:
192,192,61434,128,0,61513:0:0:0:0:
64,192,61434,128,0,61513:0:0:0:0:
320,192,61513,1,0,0:0:0:0:
192,192,61592,1,0,0:0:0:0:
448,192,61592,128,0,61908:0:0:0:0:
64,192,61592,128,0,61908:0:0:0:0:
320,192,61908,128,0,61987:0:0:0:0:
192,192,61908,128,0,61987:0:0:0:0:
64,192,61987,1,0,0:0:0:0:
448,192,62065,128,0,62144:0:0:0:0:
320,192,62065,128,0,62144:0:0:0:0:
192,192,62144,1,0,0:0:0:0:
320,192,62223,1,0,0:0:0:0:
448,192,62223,128,0,62460:0:0:0:0:
64,192,62223,128,0,62460:0:0:0:0:
448,192,62539,1,0,0:0:0:0:
64,192,62539,128,0,62618:0:0:0:0:
192,192,62539,128,0,62618:0:0:0:0:
320,192,62697,128,0,62776:0:0:0:0:
448,192,62697,128,0,62776:0:0:0:0:
192,192,62697,1,0,0:0:0:0:
192,192,62855,128,0,62934:0:0:0:0:
320,192,62855,128,0,62934:0:0:0:0:
64,192,62855,1,0,0:0:0:0:
320,192,63013,128,0,63052:0:0:0:0:
448,192,63013,1,0,0:0:0:0:
192,192,63039,128,0,63118:0:0:0:0:
64,192,63065,128,0,63197:0:0:0:0:
192,192,63329,128,0,63368:0:0:0:0:
64,192,63329,1,0,0:0:0:0:
320,192,63355,128,0,63434:0:0:0:0:
448,192,63381,128,0,63513:0:0:0:0:
320,192,63644,1,0,0:0:0:0:
192,192,63723,1,0,0:0:0:0:
320,192,63802,1,0,0:0:0:0:
192,192,63881,1,0,0:0:0:0:
64,192,63960,1,0,0:0:0:0:
320,192,63960,1,0,0:0:0:0:
448,192,63960,1,0,0:0:0:0:
64,192,64118,1,0,0:0:0:0:
192,192,64118,1,0,0:0:0:0:
448,192,64197,1,0,0:0:0:0:
320,192,64276,1,0,0:0:0:0:
64,192,64355,1,0,0:0:0:0:
192,192,64434,1,0,0:0:0:0:
448,192,64434,128,0,64789:0:0:0:0:
64,192,64592,1,0,0:0:0:0:
320,192,64750,128,0,64829:0:0:0:0:
192,192,64789,128,0,64868:0:0:0:0:
64,192,64829,128,0,64987:0:0:0:0:
320,192,64908,1,0,0:0:0:0:
192,192,65065,128,0,65223:0:0:0:0:
448,192,65065,1,0,0:0:0:0:
64,192,65065,128,0,65421:0:0:0:0:
448,192,65223,1,0,0:0:0:0:
320,192,65223,1,0,0:0:0:0:
192,192,65381,128,0,65460:0:0:0:0:
320,192,65421,128,0,65500:0:0:0:0:
448,192,65460,128,0,65618:0:0:0:0:
192,192,65539,1,0,0:0:0:0:
64,192,65697,1,0,0:0:0:0:
320,192,65697,128,0,66013:0:0:0:0:
448,192,65697,128,0,65855:0:0:0:0:
64,192,65855,1,0,0:0:0:0:
192,192,65855,1,0,0:0:0:0:
448,192,66013,1,0,0:0:0:0:
192,192,66013,1,0,0:0:0:0:
64,192,66171,1,0,0:0:0:0:
448,192,66171,128,0,66408:0:0:0:0:
320,192,66171,128,0,66408:0:0:0:0:
448,192,66487,1,0,0:0:0:0:
320,192,66487,1,0,0:0:0:0:
64,192,66487,1,0,0:0:0:0:
448,192,66644,1,0,0:0:0:0:
192,192,66644,128,0,66881:0:0:0:0:
64,192,66644,128,0,66881:0:0:0:0:
192,192,66960,1,0,0:0:0:0:
64,192,66960,1,0,0:0:0:0:
448,192,66960,1,0,0:0:0:0:
320,192,67118,1,0,0:0:0:0:
448,192,67118,1,0,0:0:0:0:
64,192,67118,1,0,0:0:0:0:
448,192,67276,1,0,0:0:0:0:
320,192,67276,128,0,67513:0:0:0:0:
192,192,67276,128,0,67513:0:0:0:0:
320,192,67592,1,0,0:0:0:0:
64,192,67592,1,0,0:0:0:0:
192,192,67592,1,0,0:0:0:0:
192,192,67750,1,0,0:0:0:0:
320,192,67750,128,0,67908:0:0:0:0:
448,192,67750,128,0,67908:0:0:0:0:
64,192,67908,1,0,0:0:0:0:
448,192,67987,1,0,0:0:0:0:
192,192,68065,128,0,68223:0:0:0:0:
320,192,68065,128,0,68223:0:0:0:0:
448,192,68223,1,0,0:0:0:0:
320,192,68302,1,0,0:0:0:0:
192,192,68381,128,0,68539:0:0:0:0:
64,192,68381,128,0,68539:0:0:0:0:
320,192,68539,1,0,0:0:0:0:
192,192,68618,1,0,0:0:0:0:
448,192,68697,1,0,0:0:0:0:
64,192,68697,1,0,0:0:0:0:
320,192,68697,1,0,0:0:0:0:
192,192,69013,1,0,0:0:0:0:
64,192,69013,1,0,0:0:0:0:
448,192,69013,1,0,0:0:0:0:
320,192,69171,1,0,0:0:0:0:
64,192,69171,1,0,0:0:0:0:
448,192,69171,128,0,69408:0:0:0:0:
192,192,69329,1,0,0:0:0:0:
64,192,69408,1,0,0:0:0:0:
448,192,69487,1,0,0:0:0:0:
320,192,69487,1,0,0:0:0:0:
192,192,69644,1,0,0:0:0:0:
64,192,69644,1,0,0:0:0:0:
448,192,69644,1,0,0:0:0:0:
192,192,69802,1,0,0:0:0:0:
320,192,69802,128,0,70039:0:0:0:0:
448,192,69802,128,0,70039:0:0:0:0:
64,192,69960,1,0,0:0:0:0:
448,192,70118,128,0,70197:0:0:0:0:
320,192,70118,128,0,70197:0:0:0:0:
64,192,70197,1,0,0:0:0:0:
320,192,70276,128,0,70355:0:0:0:0:
192,192,70276,128,0,70355:0:0:0:0:
448,192,70355,1,0,0:0:0:0:
192,192,70434,128,0,70671:0:0:0:0:
320,192,70434,1,0,0:0:0:0:
64,192,70434,128,0,70671:0:0:0:0:
448,192,70592,1,0,0:0:0:0:
192,192,70750,1,0,0:0:0:0:
64,192,70750,1,0,0:0:0:0:
448,192,70829,1,0,0:0:0:0:
320,192,70908,1,0,0:0:0:0:
192,192,70908,1,0,0:0:0:0:
64,192,70987,1,0,0:0:0:0:
320,192,71065,1,0,0:0:0:0:
448,192,71065,1,0,0:0:0:0:
192,192,71144,1,0,0:0:0:0:
64,192,71223,128,0,72092:0:0:0:0:
448,192,71223,128,0,72329:0:0:0:0:
320,192,71223,1,0,0:0:0:0:
192,192,71697,128,0,72171:0:0:0:0:
320,192,71697,128,0,72250:0:0:0:0:
64,192,72171,1,0,0:0:0:0:
192,192,72250,1,0,0:0:0:0:
320,192,72329,1,0,0:0:0:0:
448,192,72408,1,0,0:0:0:0:
64,192,72487,128,0,73039:0:0:0:0:
192,192,72487,128,0,73039:0:0:0:0:
320,192,72487,1,0,0:0:0:0:
320,192,73118,128,0,73671:0:0:0:0:
448,192,73118,128,0,73671:0:0:0:0:
192,192,73118,1,0,0:0:0:0:
64,192,73434,128,0,73671:0:0:0:0:
192,192,73750,1,0,0:0:0:0:
320,192,73750,1,0,0:0:0:0:
448,192,73750,1,0,0:0:0:0:
64,192,73750,1,0,0:0:0:0:
448,192,74065,1,0,0:0:0:0:
320,192,74065,1,0,0:0:0:0:
64,192,74065,128,0,74381:0:0:0:0:
448,192,74381,1,0,0:0:0:0:
320,192,74381,1,0,0:0:0:0:
192,192,74539,1,0,0:0:0:0:
448,192,74539,1,0,0:0:0:0:
320,192,74697,1,0,0:0:0:0:
64,192,74697,1,0,0:0:0:0:
448,192,74697,1,0,0:0:0:0:
192,192,74855,128,0,74934:0:0:0:0:
64,192,74855,128,0,75013:0:0:0:0:
448,192,75013,128,0,75171:0:0:0:0:
320,192,75013,128,0,75092:0:0:0:0:
320,192,75171,128,0,75329:0:0:0:0:
192,192,75171,128,0,75250:0:0:0:0:
192,192,75329,128,0,75487:0:0:0:0:
64,192,75329,128,0,75408:0:0:0:0:
448,192,75329,1,0,0:0:0:0:
320,192,75487,128,0,75802:0:0:0:0:
448,192,75487,128,0,75644:0:0:0:0:
64,192,75644,1,0,0:0:0:0:
192,192,75644,1,0,0:0:0:0:
64,192,75802,128,0,75960:0:0:0:0:
192,192,75802,128,0,75881:0:0:0:0:
192,192,75960,128,0,76118:0:0:0:0:
320,192,75960,128,0,76039:0:0:0:0:
448,192,75960,1,0,0:0:0:0:
320,192,76118,128,0,76276:0:0:0:0:
448,192,76118,128,0,76197:0:0:0:0:
448,192,76276,128,0,76513:0:0:0:0:
192,192,76302,128,0,76592:0:0:0:0:
64,192,76329,128,0,76592:0:0:0:0:
448,192,76592,1,0,0:0:0:0:
320,192,76592,1,0,0:0:0:0:
64,192,76750,128,0,76987:0:0:0:0:
320,192,76776,128,0,77065:0:0:0:0:
448,192,76802,128,0,77065:0:0:0:0:
64,192,77065,1,0,0:0:0:0:
192,192,77065,1,0,0:0:0:0:
320,192,77223,1,0,0:0:0:0:
192,192,77223,1,0,0:0:0:0:
448,192,77223,1,0,0:0:0:0:
448,192,77381,1,0,0:0:0:0:
64,192,77381,128,0,77460:0:0:0:0:
192,192,77421,128,0,77579:0:0:0:0:
320,192,77460,128,0,77697:0:0:0:0:
448,192,77697,1,0,0:0:0:0:
64,192,77697,128,0,77776:0:0:0:0:
192,192,77697,128,0,77776:0:0:0:0:
64,192,77855,1,0,0:0:0:0:
448,192,77855,128,0,77934:0:0:0:0:
320,192,77855,128,0,77934:0:0:0:0:
192,192,78013,128,0,78092:0:0:0:0:
320,192,78013,128,0,78092:0:0:0:0:
64,192,78171,128,0,78408:0:0:0:0:
192,192,78171,128,0,78408:0:0:0:0:
448,192,78171,1,0,0:0:0:0:
320,192,78329,1,0,0:0:0:0:
448,192,78487,1,0,0:0:0:0:
64,192,78487,1,0,0:0:0:0:
192,192,78565,1,0,0:0:0:0:
320,192,78644,1,0,0:0:0:0:
448,192,78644,1,0,0:0:0:0:
192,192,78723,1,0,0:0:0:0:
448,192,78802,1,0,0:0:0:0:
320,192,78802,1,0,0:0:0:0:
64,192,78802,1,0,0:0:0:0:
448,192,79118,128,0,79434:0:0:0:0:
192,192,79118,1,0,0:0:0:0:
64,192,79118,1,0,0:0:0:0:
192,192,79434,1,0,0:0:0:0:
64,192,79434,1,0,0:0:0:0:
64,192,79592,1,0,0:0:0:0:
320,192,79592,1,0,0:0:0:0:
64,192,79750,1,0,0:0:0:0:
448,192,79750,1,0,0:0:0:0:
192,192,79750,1,0,0:0:0:0:
320,192,79908,128,0,79987:0:0:0:0:
448,192,79908,128,0,80065:0:0:0:0:
192,192,80065,128,0,80144:0:0:0:0:
64,192,80065,128,0,80223:0:0:0:0:
320,192,80223,128,0,80302:0:0:0:0:
192,192,80223,128,0,80381:0:0:0:0:
448,192,80381,128,0,80460:0:0:0:0:
320,192,80381,128,0,80539:0:0:0:0:
64,192,80381,1,0,0:0:0:0:
64,192,80539,128,0,80697:0:0:0:0:
192,192,80539,128,0,80855:0:0:0:0:
320,192,80697,1,0,0:0:0:0:
448,192,80697,1,0,0:0:0:0:
320,192,80855,128,0,80934:0:0:0:0:
448,192,80855,128,0,81013:0:0:0:0:
64,192,81013,1,0,0:0:0:0:
192,192,81013,128,0,81092:0:0:0:0:
320,192,81013,128,0,81171:0:0:0:0:
64,192,81171,128,0,81250:0:0:0:0:
192,192,81171,128,0,81723:0:0:0:0:
320,192,81329,128,0,82171:0:0:0:0:
448,192,81355,128,0,82197:0:0:0:0:
64,192,81802,1,0,0:0:0:0:
192,192,81829,1,0,0:0:0:0:
320,192,82276,1,0,0:0:0:0:
64,192,82276,1,0,0:0:0:0:
448,192,82302,1,0,0:0:0:0:
192,192,82434,1,0,0:0:0:0:
448,192,82592,1,0,0:0:0:0:
320,192,82592,1,0,0:0:0:0:
64,192,82592,1,0,0:0:0:0:
64,192,82750,128,0,82908:0:0:0:0:
192,192,82750,128,0,82855:0:0:0:0:
320,192,82750,128,0,82802:0:0:0:0:
448,192,83065,128,0,83460:0:0:0:0:
320,192,83065,128,0,83302:0:0:0:0:
192,192,83065,128,0,83144:0:0:0:0:
64,192,83381,128,0,83460:0:0:0:0:
192,192,83539,128,0,83618:0:0:0:0:
320,192,83697,128,0,83776:0:0:0:0:
448,192,83855,1,0,0:0:0:0:
192,192,83855,1,0,0:0:0:0:
64,192,83855,1,0,0:0:0:0:
448,192,84013,1,0,0:0:0:0:
64,192,84171,1,0,0:0:0:0:
192,192,84171,1,0,0:0:0:0:
320,192,84329,1,0,0:0:0:0:
192,192,84329,1,0,0:0:0:0:
64,192,84487,1,0,0:0:0:0:
448,192,84487,1,0,0:0:0:0:
64,192,84644,1,0,0:0:0:0:
320,192,84644,1,0,0:0:0:0:
192,192,84802,1,0,0:0:0:0:
64,192,84802,1,0,0:0:0:0:
448,192,84960,128,0,85276:0:0:0:0:
320,192,84960,128,0,85276:0:0:0:0:
64,192,85118,1,0,0:0:0:0:
64,192,85276,1,0,0:0:0:0:
448,192,85434,1,0,0:0:0:0:
320,192,85434,1,0,0:0:0:0:
448,192,85592,1,0,0:0:0:0:
320,192,85592,1,0,0:0:0:0:
64,192,85750,128,0,85987:0:0:0:0:
192,192,85750,1,0,0:0:0:0:
448,192,85908,128,0,86302:0:0:0:0:
320,192,85908,128,0,86065:0:0:0:0:
64,192,86065,1,0,0:0:0:0:
320,192,86223,128,0,86302:0:0:0:0:
192,192,86223,128,0,86302:0:0:0:0:
64,192,86381,1,0,0:0:0:0:
192,192,86381,1,0,0:0:0:0:
448,192,86381,1,0,0:0:0:0:
64,192,86539,1,0,0:0:0:0:
448,192,86697,1,0,0:0:0:0:
320,192,86697,1,0,0:0:0:0:
192,192,86855,1,0,0:0:0:0:
320,192,86855,1,0,0:0:0:0:
448,192,87013,1,0,0:0:0:0:
64,192,87013,1,0,0:0:0:0:
448,192,87171,1,0,0:0:0:0:
192,192,87171,1,0,0:0:0:0:
448,192,87329,128,0,87644:0:0:0:0:
320,192,87329,128,0,87644:0:0:0:0:
64,192,87487,1,0,0:0:0:0:
192,192,87644,128,0,87960:0:0:0:0:
64,192,87644,128,0,87960:0:0:0:0:
448,192,87802,1,0,0:0:0:0:
320,192,87960,1,0,0:0:0:0:
64,192,88118,1,0,0:0:0:0:
192,192,88118,1,0,0:0:0:0:
448,192,88276,128,0,88592:0:0:0:0:
320,192,88276,128,0,88434:0:0:0:0:
192,192,88434,1,0,0:0:0:0:
320,192,88592,1,0,0:0:0:0:
64,192,88592,1,0,0:0:0:0:
192,192,88671,1,0,0:0:0:0:
448,192,88750,1,0,0:0:0:0:
64,192,88750,128,0,88829:0:0:0:0:
320,192,88829,1,0,0:0:0:0:
64,192,88908,1,0,0:0:0:0:
192,192,88908,1,0,0:0:0:0:
448,192,88908,128,0,88987:0:0:0:0:
192,192,89065,1,0,0:0:0:0:
320,192,89065,128,0,89144:0:0:0:0:
64,192,89223,1,0,0:0:0:0:
448,192,89223,1,0,0:0:0:0:
192,192,89223,128,0,89302:0:0:0:0:
448,192,89381,128,0,89618:0:0:0:0:
64,192,89381,128,0,89618:0:0:0:0:
320,192,89381,1,0,0:0:0:0:
192,192,89539,1,0,0:0:0:0:
64,192,89697,1,0,0:0:0:0:
320,192,89697,1,0,0:0:0:0:
448,192,89697,1,0,0:0:0:0:
64,192,89855,128,0,90250:0:0:0:0:
448,192,89855,128,0,90250:0:0:0:0:
192,192,89855,1,0,0:0:0:0:
64,192,90329,1,0,0:0:0:0:
448,192,90329,128,0,90565:0:0:0:0:
192,192,90329,128,0,90408:0:0:0:0:
64,192,90487,1,0,0:0:0:0:
320,192,90487,128,0,90565:0:0:0:0:
192,192,90644,1,0,0:0:0:0:
448,192,90644,128,0,90723:0:0:0:0:
320,192,90960,1,0,0:0:0:0:
64,192,90960,128,0,91355:0:0:0:0:
448,192,91276,1,0,0:0:0:0:
320,192,91276,1,0,0:0:0:0:
192,192,91355,1,0,0:0:0:0:
64,192,91434,1,0,0:0:0:0:
448,192,91434,1,0,0:0:0:0:
320,192,91434,128,0,91750:0:0:0:0:
192,192,91592,1,0,0:0:0:0:
64,192,91750,1,0,0:0:0:0:
448,192,91750,1,0,0:0:0:0:
192,192,91908,128,0,92539:0:0:0:0:
64,192,91908,1,0,0:0:0:0:
448,192,91908,1,0,0:0:0:0:
320,192,92065,1,0,0:0:0:0:
320,192,92223,1,0,0:0:0:0:
448,192,92223,1,0,0:0:0:0:
64,192,92381,1,0,0:0:0:0:
320,192,92539,1,0,0:0:0:0:
192,192,92671,1,0,0:0:0:0:
320,192,92697,1,0,0:0:0:0:
448,192,92697,1,0,0:0:0:0:
448,192,92855,128,0,92934:0:0:0:0:
192,192,92855,1,0,0:0:0:0:
64,192,92855,1,0,0:0:0:0:
320,192,93013,128,0,93092:0:0:0:0:
64,192,93013,1,0,0:0:0:0:
192,192,93171,128,0,93250:0:0:0:0:
448,192,93171,1,0,0:0:0:0:
320,192,93171,1,0,0:0:0:0:
64,192,93329,128,0,93408:0:0:0:0:
192,192,93487,128,0,93565:0:0:0:0:
448,192,93487,1,0,0:0:0:0:
320,192,93644,128,0,93723:0:0:0:0:
64,192,93644,1,0,0:0:0:0:
192,192,93723,1,0,0:0:0:0:
448,192,93802,128,0,93881:0:0:0:0:
320,192,93802,1,0,0:0:0:0:
64,192,93881,1,0,0:0:0:0:
448,192,93960,1,0,0:0:0:0:
320,192,93960,1,0,0:0:0:0:
192,192,93960,1,0,0:0:0:0:
192,192,94118,1,0,0:0:0:0:
448,192,94276,1,0,0:0:0:0:
64,192,94276,1,0,0:0:0:0:
320,192,94276,1,0,0:0:0:0:
320,192,94434,1,0,0:0:0:0:
192,192,94434,1,0,0:0:0:0:
64,192,94592,1,0,0:0:0:0:
448,192,94592,1,0,0:0:0:0:
192,192,94750,1,0,0:0:0:0:
448,192,94750,1,0,0:0:0:0:
448,192,94908,1,0,0:0:0:0:
320,192,94908,1,0,0:0:0:0:
64,192,94908,1,0,0:0:0:0:
192,192,95065,128,0,95381:0:0:0:0:
64,192,95065,128,0,95381:0:0:0:0:
448,192,95223,1,0,0:0:0:0:
448,192,95381,1,0,0:0:0:0:
192,192,95539,1,0,0:0:0:0:
64,192,95539,1,0,0:0:0:0:
320,192,95539,1,0,0:0:0:0:
192,192,95697,1,0,0:0:0:0:
64,192,95697,1,0,0:0:0:0:
320,192,95855,1,0,0:0:0:0:
448,192,95855,1,0,0:0:0:0:
64,192,96013,128,0,96092:0:0:0:0:
192,192,96013,128,0,96171:0:0:0:0:
320,192,96171,128,0,96250:0:0:0:0:
448,192,96171,128,0,96329:0:0:0:0:
64,192,96171,1,0,0:0:0:0:
320,192,96329,128,0,96487:0:0:0:0:
192,192,96329,128,0,96408:0:0:0:0:
64,192,96487,1,0,0:0:0:0:
192,192,96487,1,0,0:0:0:0:
448,192,96644,1,0,0:0:0:0:
192,192,96802,1,0,0:0:0:0:
320,192,96802,128,0,96960:0:0:0:0:
448,192,96802,128,0,96960:0:0:0:0:
64,192,96960,1,0,0:0:0:0:
320,192,97118,128,0,97276:0:0:0:0:
192,192,97118,128,0,97276:0:0:0:0:
64,192,97276,1,0,0:0:0:0:
192,192,97434,128,0,97592:0:0:0:0:
64,192,97434,128,0,97592:0:0:0:0:
448,192,97434,1,0,0:0:0:0:
320,192,97592,1,0,0:0:0:0:
64,192,97750,128,0,97987:0:0:0:0:
448,192,97750,1,0,0:0:0:0:
320,192,97750,128,0,97829:0:0:0:0:
320,192,97908,1,0,0:0:0:0:
192,192,97908,128,0,97987:0:0:0:0:
192,192,98065,1,0,0:0:0:0:
64,192,98065,128,0,98144:0:0:0:0:
448,192,98065,1,0,0:0:0:0:
448,192,98223,1,0,0:0:0:0:
320,192,98223,1,0,0:0:0:0:
64,192,98223,1,0,0:0:0:0:
64,192,98381,128,0,98618:0:0:0:0:
192,192,98381,128,0,98460:0:0:0:0:
448,192,98539,128,0,98855:0:0:0:0:
320,192,98539,128,0,98776:0:0:0:0:
192,192,98539,128,0,98697:0:0:0:0:
64,192,98855,1,0,0:0:0:0:
192,192,98855,1,0,0:0:0:0:
320,192,98934,1,0,0:0:0:0:
448,192,98934,1,0,0:0:0:0:
192,192,99013,1,0,0:0:0:0:
64,192,99013,1,0,0:0:0:0:
320,192,99171,1,0,0:0:0:0:
192,192,99171,1,0,0:0:0:0:
64,192,99329,1,0,0:0:0:0:
320,192,99329,1,0,0:0:0:0:
448,192,99329,1,0,0:0:0:0:
448,192,99487,1,0,0:0:0:0:
192,192,99487,128,0,99723:0:0:0:0:
64,192,99487,128,0,99723:0:0:0:0:
320,192,99644,1,0,0:0:0:0:
192,192,99802,1,0,0:0:0:0:
448,192,99802,1,0,0:0:0:0:
64,192,99802,1,0,0:0:0:0:
448,192,99960,128,0,100355:0:0:0:0:
320,192,99960,128,0,100355:0:0:0:0:
64,192,99960,1,0,0:0:0:0:
320,192,100434,128,0,100513:0:0:0:0:
64,192,100434,128,0,100671:0:0:0:0:
448,192,100434,1,0,0:0:0:0:
192,192,100592,128,0,100671:0:0:0:0:
448,192,100592,1,0,0:0:0:0:
64,192,100750,128,0,100829:0:0:0:0:
320,192,100750,1,0,0:0:0:0:
192,192,100750,1,0,0:0:0:0:
448,192,101065,128,0,101460:0:0:0:0:
192,192,101065,1,0,0:0:0:0:
64,192,101065,1,0,0:0:0:0:
320,192,101223,128,0,101381:0:0:0:0:
192,192,101381,1,0,0:0:0:0:
64,192,101381,1,0,0:0:0:0:
320,192,101460,1,0,0:0:0:0:
192,192,101539,128,0,101855:0:0:0:0:
64,192,101539,1,0,0:0:0:0:
448,192,101539,1,0,0:0:0:0:
320,192,101697,1,0,0:0:0:0:
64,192,101855,1,0,0:0:0:0:
448,192,101855,1,0,0:0:0:0:
64,192,102013,1,0,0:0:0:0:
448,192,102013,1,0,0:0:0:0:
192,192,102171,1,0,0:0:0:0:
320,192,102171,128,0,102644:0:0:0:0:
64,192,102329,1,0,0:0:0:0:
192,192,102487,1,0,0:0:0:0:
64,192,102487,1,0,0:0:0:0:
448,192,102644,1,0,0:0:0:0:
448,192,102776,1,0,0:0:0:0:
192,192,102802,1,0,0:0:0:0:
64,192,102802,128,0,102881:0:0:0:0:
64,192,103039,1,0,0:0:0:0:
320,192,103118,1,0,0:0:0:0:
192,192,103118,128,0,103197:0:0:0:0:
448,192,103197,1,0,0:0:0:0:
192,192,103276,1,0,0:0:0:0:
320,192,103434,128,0,103513:0:0:0:0:
448,192,103434,1,0,0:0:0:0:
320,192,103592,1,0,0:0:0:0:
192,192,103750,1,0,0:0:0:0:
64,192,103750,128,0,103829:0:0:0:0:
192,192,103908,1,0,0:0:0:0:
448,192,104065,128,0,105013:0:0:0:0:
64,192,104065,128,0,104539:0:0:0:0:
320,192,104065,128,0,104855:0:0:0:0:
192,192,104855,128,0,105013:0:0:0:0:
320,192,105013,128,0,105171:0:0:0:0:
448,192,105171,128,0,105329:0:0:0:0:
192,192,105171,1,0,0:0:0:0:
64,192,105329,128,0,106276:0:0:0:0:
320,192,105329,128,0,105644:0:0:0:0:
448,192,105802,1,0,0:0:0:0:
192,192,105802,128,0,106513:0:0:0:0:
320,192,105960,128,0,106513:0:0:0:0:
448,192,106118,1,0,0:0:0:0:
448,192,106276,128,0,106513:0:0:0:0:
192,192,106592,1,0,0:0:0:0:
448,192,106592,128,0,106908:0:0:0:0:
64,192,106592,128,0,107381:0:0:0:0:
320,192,106908,128,0,107223:0:0:0:0:
192,192,107223,128,0,107381:0:0:0:0:
448,192,107381,128,0,107539:0:0:0:0:
64,192,107539,128,0,107697:0:0:0:0:
192,192,107539,1,0,0:0:0:0:
192,192,107697,128,0,107855:0:0:0:0:
320,192,107697,1,0,0:0:0:0:
320,192,107855,128,0,108329:0:0:0:0:
448,192,107855,1,0,0:0:0:0:
64,192,107855,128,0,108171:0:0:0:0:
448,192,108329,128,0,108487:0:0:0:0:
192,192,108329,128,0,108487:0:0:0:0:
64,192,108329,1,0,0:0:0:0:
64,192,108487,1,0,0:0:0:0:
448,192,108644,128,0,108960:0:0:0:0:
320,192,108644,128,0,108960:0:0:0:0:
64,192,108960,1,0,0:0:0:0:
192,192,108960,1,0,0:0:0:0:
192,192,109118,128,0,109671:0:0:0:0:
448,192,109118,128,0,109513:0:0:0:0:
64,192,109118,128,0,109671:0:0:0:0:
320,192,109118,128,0,109987:0:0:0:0:
448,192,109592,128,0,110302:0:0:0:0:
64,192,109750,128,0,110302:0:0:0:0:
192,192,109750,128,0,110302:0:0:0:0:
320,192,110065,128,0,110618:0:0:0:0:
192,192,110381,128,0,111250:0:0:0:0:
64,192,110381,128,0,110934:0:0:0:0:
448,192,110381,128,0,110934:0:0:0:0:
320,192,110697,128,0,111408:0:0:0:0:
64,192,111013,128,0,111250:0:0:0:0:
448,192,111013,128,0,111408:0:0:0:0:
192,192,111329,128,0,111565:0:0:0:0:
64,192,111329,128,0,111565:0:0:0:0:
320,192,111487,128,0,111565:0:0:0:0:
448,192,111487,128,0,111565:0:0:0:0:
64,192,111644,128,0,112276:0:0:0:0:
448,192,111644,128,0,112276:0:0:0:0:
320,192,111644,128,0,112276:0:0:0:0:
192,192,111644,128,0,112276:0:0:0:0:
448,192,112434,1,0,0:0:0:0:
192,192,112434,1,0,0:0:0:0:
64,192,112434,1,0,0:0:0:0:
192,192,112592,1,0,0:0:0:0:
320,192,112592,1,0,0:0:0:0:
320,192,112750,1,0,0:0:0:0:
64,192,112750,1,0,0:0:0:0:
448,192,112750,128,0,112987:0:0:0:0:
192,192,113065,1,0,0:0:0:0:
320,192,113065,1,0,0:0:0:0:
448,192,113065,1,0,0:0:0:0:
320,192,113223,1,0,0:0:0:0:
192,192,113223,1,0,0:0:0:0:
64,192,113223,1,0,0:0:0:0:
448,192,113381,1,0,0:0:0:0:
192,192,113381,1,0,0:0:0:0:
64,192,113381,128,0,113618:0:0:0:0:
320,192,113539,1,0,0:0:0:0:
192,192,113618,1,0,0:0:0:0:
320,192,113697,1,0,0:0:0:0:
448,192,113697,1,0,0:0:0:0:
64,192,113776,1,0,0:0:0:0:
320,192,113855,1,0,0:0:0:0:
192,192,113855,1,0,0:0:0:0:
448,192,113934,1,0,0:0:0:0:
192,192,114013,1,0,0:0:0:0:
64,192,114013,1,0,0:0:0:0:
320,192,114092,1,0,0:0:0:0:
64,192,114171,1,0,0:0:0:0:
192,192,114171,1,0,0:0:0:0:
448,192,114171,1,0,0:0:0:0:
320,192,114329,1,0,0:0:0:0:
64,192,114487,1,0,0:0:0:0:
448,192,114487,1,0,0:0:0:0:
192,192,114487,1,0,0:0:0:0:
320,192,114644,1,0,0:0:0:0:
192,192,114644,1,0,0:0:0:0:
448,192,114802,128,0,115118:0:0:0:0:
320,192,114802,128,0,114960:0:0:0:0:
192,192,114960,1,0,0:0:0:0:
320,192,115118,128,0,115434:0:0:0:0:
192,192,115118,128,0,115276:0:0:0:0:
64,192,115118,1,0,0:0:0:0:
192,192,115434,128,0,115750:0:0:0:0:
64,192,115434,128,0,115592:0:0:0:0:
448,192,115434,1,0,0:0:0:0:
448,192,115592,128,0,115750:0:0:0:0:
320,192,115750,128,0,116065:0:0:0:0:
64,192,115750,128,0,115908:0:0:0:0:
448,192,115908,128,0,116065:0:0:0:0:
192,192,115908,1,0,0:0:0:0:
64,192,116065,128,0,116539:0:0:0:0:
192,192,116065,1,0,0:0:0:0:
448,192,116223,1,0,0:0:0:0:
448,192,116381,1,0,0:0:0:0:
320,192,116381,1,0,0:0:0:0:
192,192,116539,1,0,0:0:0:0:
320,192,116539,1,0,0:0:0:0:
64,192,116618,1,0,0:0:0:0:
448,192,116697,128,0,117329:0:0:0:0:
320,192,116697,128,0,116776:0:0:0:0:
64,192,116855,1,0,0:0:0:0:
192,192,116855,1,0,0:0:0:0:
320,192,117013,1,0,0:0:0:0:
64,192,117171,128,0,117644:0:0:0:0:
192,192,117171,128,0,117329:0:0:0:0:
320,192,117329,1,0,0:0:0:0:
192,192,117487,1,0,0:0:0:0:
448,192,117487,1,0,0:0:0:0:
192,192,117644,128,0,118197:0:0:0:0:
448,192,117644,128,0,118039:0:0:0:0:
320,192,117644,128,0,118039:0:0:0:0:
448,192,118118,128,0,118513:0:0:0:0:
320,192,118118,128,0,118355:0:0:0:0:
64,192,118118,128,0,118197:0:0:0:0:
192,192,118276,128,0,118355:0:0:0:0:
320,192,118434,128,0,118513:0:0:0:0:
64,192,118513,1,0,0:0:0:0:
192,192,118592,1,0,0:0:0:0:
448,192,118592,128,0,118671:0:0:0:0:
64,192,118750,1,0,0:0:0:0:
320,192,118750,1,0,0:0:0:0:
192,192,118908,1,0,0:0:0:0:
64,192,118908,1,0,0:0:0:0:
448,192,118987,1,0,0:0:0:0:
320,192,118987,1,0,0:0:0:0:
192,192,119065,1,0,0:0:0:0:
64,192,119065,1,0,0:0:0:0:
320,192,119144,1,0,0:0:0:0:
192,192,119223,1,0,0:0:0:0:
64,192,119223,1,0,0:0:0:0:
448,192,119223,1,0,0:0:0:0:
192,192,119381,1,0,0:0:0:0:
64,192,119381,1,0,0:0:0:0:
448,192,119381,1,0,0:0:0:0:
320,192,119539,1,0,0:0:0:0:
192,192,119539,1,0,0:0:0:0:
192,192,119697,1,0,0:0:0:0:
320,192,119697,1,0,0:0:0:0:
64,192,119697,1,0,0:0:0:0:
64,192,119855,1,0,0:0:0:0:
448,192,119855,1,0,0:0:0:0:
448,192,120013,1,0,0:0:0:0:
192,192,120013,1,0,0:0:0:0:
320,192,120013,1,0,0:0:0:0:
448,192,120171,1,0,0:0:0:0:
64,192,120171,1,0,0:0:0:0:
448,192,120329,1,0,0:0:0:0:
320,192,120329,1,0,0:0:0:0:
192,192,120329,1,0,0:0:0:0:
64,192,120329,1,0,0:0:0:0:
64,192,121118,1,0,0:0:0:0:
192,192,121118,1,0,0:0:0:0:
320,192,121276,1,0,0:0:0:0:
192,192,121276,1,0,0:0:0:0:
320,192,121434,1,0,0:0:0:0:
448,192,121434,1,0,0:0:0:0:
448,192,121592,1,0,0:0:0:0:
64,192,121592,1,0,0:0:0:0:
192,192,121750,1,0,0:0:0:0:
320,192,121750,1,0,0:0:0:0:
64,192,121750,1,0,0:0:0:0:
448,192,122065,1,0,0:0:0:0:
320,192,122065,1,0,0:0:0:0:
192,192,122065,1,0,0:0:0:0:
64,192,122223,1,0,0:0:0:0:
320,192,122223,1,0,0:0:0:0:
448,192,122302,1,0,0:0:0:0:
192,192,122381,1,0,0:0:0:0:
320,192,122460,1,0,0:0:0:0:
64,192,122539,1,0,0:0:0:0:
448,192,122539,128,0,122894:0:0:0:0:
192,192,122697,1,0,0:0:0:0:
320,192,122855,128,0,122934:0:0:0:0:
192,192,122894,128,0,122973:0:0:0:0:
64,192,122934,128,0,123092:0:0:0:0:
320,192,123013,1,0,0:0:0:0:
448,192,123171,1,0,0:0:0:0:
192,192,123171,128,0,123329:0:0:0:0:
64,192,123171,128,0,123526:0:0:0:0:
448,192,123329,1,0,0:0:0:0:
320,192,123329,1,0,0:0:0:0:
192,192,123487,128,0,123565:0:0:0:0:
320,192,123526,128,0,123605:0:0:0:0:
448,192,123565,128,0,123723:0:0:0:0:
192,192,123644,1,0,0:0:0:0:
64,192,123802,1,0,0:0:0:0:
320,192,123802,128,0,124118:0:0:0:0:
448,192,123802,128,0,123960:0:0:0:0:
64,192,123960,1,0,0:0:0:0:
192,192,123960,1,0,0:0:0:0:
448,192,124118,1,0,0:0:0:0:
192,192,124118,1,0,0:0:0:0:
64,192,124276,1,0,0:0:0:0:
448,192,124276,128,0,124513:0:0:0:0:
320,192,124276,128,0,124513:0:0:0:0:
192,192,124434,1,0,0:0:0:0:
448,192,124592,1,0,0:0:0:0:
320,192,124592,1,0,0:0:0:0:
64,192,124592,1,0,0:0:0:0:
448,192,124750,1,0,0:0:0:0:
192,192,124750,128,0,124987:0:0:0:0:
64,192,124750,128,0,124987:0:0:0:0:
320,192,124908,1,0,0:0:0:0:
192,192,125065,1,0,0:0:0:0:
64,192,125065,1,0,0:0:0:0:
448,192,125065,1,0,0:0:0:0:
320,192,125223,1,0,0:0:0:0:
448,192,125223,1,0,0:0:0:0:
64,192,125223,1,0,0:0:0:0:
64,192,125381,1,0,0:0:0:0:
320,192,125381,128,0,125618:0:0:0:0:
192,192,125381,128,0,125618:0:0:0:0:
448,192,125539,1,0,0:0:0:0:
320,192,125697,1,0,0:0:0:0:
64,192,125697,1,0,0:0:0:0:
192,192,125697,1,0,0:0:0:0:
448,192,125855,1,0,0:0:0:0:
320,192,125855,1,0,0:0:0:0:
192,192,125855,1,0,0:0:0:0:
320,192,126013,1,0,0:0:0:0:
192,192,126013,1,0,0:0:0:0:
64,192,126013,1,0,0:0:0:0:
448,192,126171,1,0,0:0:0:0:
64,192,126171,1,0,0:0:0:0:
320,192,126171,1,0,0:0:0:0:
192,192,126329,1,0,0:0:0:0:
448,192,126329,1,0,0:0:0:0:
64,192,126487,1,0,0:0:0:0:
320,192,126487,1,0,0:0:0:0:
448,192,126565,1,0,0:0:0:0:
64,192,126644,1,0,0:0:0:0:
192,192,126644,1,0,0:0:0:0:
320,192,126723,1,0,0:0:0:0:
448,192,126802,1,0,0:0:0:0:
64,192,126802,128,0,127039:0:0:0:0:
192,192,126802,128,0,126960:0:0:0:0:
320,192,126960,1,0,0:0:0:0:
448,192,127039,1,0,0:0:0:0:
192,192,127118,1,0,0:0:0:0:
64,192,127118,1,0,0:0:0:0:
64,192,127276,1,0,0:0:0:0:
448,192,127276,128,0,127513:0:0:0:0:
320,192,127276,128,0,127434:0:0:0:0:
192,192,127434,1,0,0:0:0:0:
64,192,127513,1,0,0:0:0:0:
448,192,127592,1,0,0:0:0:0:
320,192,127592,1,0,0:0:0:0:
192,192,127750,1,0,0:0:0:0:
64,192,127750,1,0,0:0:0:0:
448,192,127750,1,0,0:0:0:0:
192,192,127908,1,0,0:0:0:0:
320,192,127908,128,0,128144:0:0:0:0:
448,192,127908,128,0,128144:0:0:0:0:
64,192,128065,1,0,0:0:0:0:
448,192,128223,128,0,128302:0:0:0:0:
320,192,128223,128,0,128302:0:0:0:0:
64,192,128302,1,0,0:0:0:0:
320,192,128381,128,0,128460:0:0:0:0:
192,192,128381,128,0,128460:0:0:0:0:
448,192,128460,1,0,0:0:0:0:
192,192,128539,128,0,128776:0:0:0:0:
320,192,128539,1,0,0:0:0:0:
64,192,128539,128,0,128776:0:0:0:0:
448,192,128697,1,0,0:0:0:0:
320,192,128855,1,0,0:0:0:0:
192,192,128855,1,0,0:0:0:0:
64,192,128855,1,0,0:0:0:0:
192,192,129013,128,0,129171:0:0:0:0:
64,192,129013,1,0,0:0:0:0:
320,192,129052,128,0,129250:0:0:0:0:
448,192,129092,128,0,129329:0:0:0:0:
64,192,129329,128,0,129408:0:0:0:0:
192,192,129329,128,0,129408:0:0:0:0:
448,192,129408,1,0,0:0:0:0:
192,192,129487,128,0,129565:0:0:0:0:
320,192,129487,128,0,129565:0:0:0:0:
64,192,129565,1,0,0:0:0:0:
320,192,129644,128,0,129723:0:0:0:0:
448,192,129644,128,0,129723:0:0:0:0:
192,192,129723,1,0,0:0:0:0:
320,192,129802,1,0,0:0:0:0:
64,192,129802,128,0,130118:0:0:0:0:
448,192,129802,128,0,130118:0:0:0:0:
192,192,130118,128,0,130197:0:0:0:0:
320,192,130118,128,0,130197:0:0:0:0:
448,192,130197,1,0,0:0:0:0:
64,192,130276,128,0,130355:0:0:0:0:
192,192,130276,128,0,130355:0:0:0:0:
320,192,130355,1,0,0:0:0:0:
192,192,130434,1,0,0:0:0:0:
64,192,130434,128,0,130671:0:0:0:0:
448,192,130434,128,0,130671:0:0:0:0:
64,192,130750,1,0,0:0:0:0:
448,192,130750,128,0,130829:0:0:0:0:
320,192,130750,128,0,130829:0:0:0:0:
192,192,130908,128,0,130987:0:0:0:0:
64,192,130908,128,0,130987:0:0:0:0:
320,192,130908,1,0,0:0:0:0:
320,192,131065,128,0,131144:0:0:0:0:
192,192,131065,128,0,131144:0:0:0:0:
448,192,131065,1,0,0:0:0:0:
192,192,131223,128,0,131276:0:0:0:0:
64,192,131223,1,0,0:0:0:0:
320,192,131250,128,0,131329:0:0:0:0:
448,192,131276,128,0,131408:0:0:0:0:
320,192,131539,128,0,131592:0:0:0:0:
448,192,131539,1,0,0:0:0:0:
192,192,131565,128,0,131644:0:0:0:0:
64,192,131592,128,0,131723:0:0:0:0:
192,192,131855,1,0,0:0:0:0:
320,192,131934,1,0,0:0:0:0:
192,192,132013,1,0,0:0:0:0:
320,192,132092,1,0,0:0:0:0:
448,192,132171,1,0,0:0:0:0:
192,192,132171,1,0,0:0:0:0:
64,192,132171,1,0,0:0:0:0:
448,192,132329,1,0,0:0:0:0:
192,192,132329,1,0,0:0:0:0:
64,192,132408,1,0,0:0:0:0:
320,192,132487,1,0,0:0:0:0:
192,192,132565,1,0,0:0:0:0:
448,192,132644,1,0,0:0:0:0:
64,192,132644,128,0,133000:0:0:0:0:
320,192,132802,1,0,0:0:0:0:
192,192,132960,128,0,133039:0:0:0:0:
320,192,133000,128,0,133079:0:0:0:0:
448,192,133039,128,0,133197:0:0:0:0:
192,192,133118,1,0,0:0:0:0:
64,192,133276,1,0,0:0:0:0:
320,192,133276,128,0,133434:0:0:0:0:
448,192,133276,128,0,133631:0:0:0:0:
64,192,133434,1,0,0:0:0:0:
192,192,133434,1,0,0:0:0:0:
320,192,133592,128,0,133671:0:0:0:0:
192,192,133631,128,0,133710:0:0:0:0:
64,192,133671,128,0,133829:0:0:0:0:
320,192,133750,1,0,0:0:0:0:
448,192,133908,1,0,0:0:0:0:
192,192,133908,128,0,134223:0:0:0:0:
64,192,133908,128,0,134065:0:0:0:0:
448,192,134065,1,0,0:0:0:0:
320,192,134065,1,0,0:0:0:0:
64,192,134223,1,0,0:0:0:0:
320,192,134223,1,0,0:0:0:0:
448,192,134381,1,0,0:0:0:0:
64,192,134381,128,0,134618:0:0:0:0:
192,192,134381,128,0,134618:0:0:0:0:
320,192,134539,1,0,0:0:0:0:
64,192,134697,1,0,0:0:0:0:
192,192,134697,1,0,0:0:0:0:
448,192,134697,1,0,0:0:0:0:
64,192,134855,1,0,0:0:0:0:
320,192,134855,128,0,135092:0:0:0:0:
448,192,134855,128,0,135092:0:0:0:0:
192,192,135013,1,0,0:0:0:0:
320,192,135171,1,0,0:0:0:0:
448,192,135171,1,0,0:0:0:0:
64,192,135171,1,0,0:0:0:0:
192,192,135329,1,0,0:0:0:0:
64,192,135329,1,0,0:0:0:0:
448,192,135329,1,0,0:0:0:0:
448,192,135487,1,0,0:0:0:0:
192,192,135487,128,0,135723:0:0:0:0:
320,192,135487,128,0,135723:0:0:0:0:
64,192,135644,1,0,0:0:0:0:
192,192,135802,1,0,0:0:0:0:
448,192,135802,1,0,0:0:0:0:
320,192,135802,1,0,0:0:0:0:
320,192,135960,1,0,0:0:0:0:
192,192,135960,128,0,136118:0:0:0:0:
64,192,135960,128,0,136118:0:0:0:0:
448,192,136118,128,0,136276:0:0:0:0:
64,192,136197,1,0,0:0:0:0:
320,192,136276,128,0,136434:0:0:0:0:
192,192,136276,128,0,136434:0:0:0:0:
64,192,136434,128,0,136592:0:0:0:0:
192,192,136513,1,0,0:0:0:0:
320,192,136592,128,0,136750:0:0:0:0:
448,192,136592,128,0,136750:0:0:0:0:
64,192,136671,1,0,0:0:0:0:
192,192,136750,1,0,0:0:0:0:
320,192,136829,1,0,0:0:0:0:
64,192,136908,128,0,137144:0:0:0:0:
448,192,136908,128,0,137144:0:0:0:0:
320,192,137223,1,0,0:0:0:0:
448,192,137223,1,0,0:0:0:0:
64,192,137223,1,0,0:0:0:0:
448,192,137381,1,0,0:0:0:0:
64,192,137381,128,0,137618:0:0:0:0:
192,192,137381,128,0,137539:0:0:0:0:
320,192,137539,1,0,0:0:0:0:
448,192,137618,1,0,0:0:0:0:
64,192,137697,1,0,0:0:0:0:
192,192,137697,1,0,0:0:0:0:
320,192,137855,1,0,0:0:0:0:
448,192,137855,1,0,0:0:0:0:
64,192,137855,1,0,0:0:0:0:
320,192,138013,1,0,0:0:0:0:
192,192,138013,128,0,138250:0:0:0:0:
64,192,138013,128,0,138250:0:0:0:0:
448,192,138171,1,0,0:0:0:0:
64,192,138329,128,0,138408:0:0:0:0:
192,192,138329,128,0,138408:0:0:0:0:
448,192,138408,1,0,0:0:0:0:
192,192,138487,128,0,138565:0:0:0:0:
320,192,138487,128,0,138565:0:0:0:0:
64,192,138565,1,0,0:0:0:0:
320,192,138644,128,0,138881:0:0:0:0:
192,192,138644,1,0,0:0:0:0:
448,192,138644,128,0,138881:0:0:0:0:
64,192,138802,1,0,0:0:0:0:
320,192,138960,1,0,0:0:0:0:
448,192,138960,1,0,0:0:0:0:
64,192,139039,1,0,0:0:0:0:
192,192,139118,1,0,0:0:0:0:
320,192,139118,1,0,0:0:0:0:
448,192,139197,1,0,0:0:0:0:
192,192,139276,1,0,0:0:0:0:
64,192,139276,1,0,0:0:0:0:
320,192,139355,1,0,0:0:0:0:
448,192,139434,128,0,140302:0:0:0:0:
64,192,139434,128,0,140539:0:0:0:0:
192,192,139434,1,0,0:0:0:0:
320,192,139908,128,0,140381:0:0:0:0:
192,192,139908,128,0,140460:0:0:0:0:
448,192,140381,1,0,0:0:0:0:
320,192,140460,1,0,0:0:0:0:
192,192,140539,1,0,0:0:0:0:
64,192,140618,1,0,0:0:0:0:
448,192,140697,128,0,141250:0:0:0:0:
320,192,140697,128,0,141250:0:0:0:0:
192,192,140697,128,0,141250:0:0:0:0:
192,192,141329,128,0,141881:0:0:0:0:
64,192,141329,128,0,141881:0:0:0:0:
320,192,141329,128,0,141644:0:0:0:0:
448,192,141644,128,0,141881:0:0:0:0:
320,192,141960,1,0,0:0:0:0:
192,192,141960,1,0,0:0:0:0:
64,192,141960,1,0,0:0:0:0:
448,192,141960,1,0,0:0:0:0:
448,192,143065,1,0,0:0:0:0:
320,192,143223,128,0,143855:0:0:0:0:
64,192,143697,1,0,0:0:0:0:
192,192,143855,128,0,144487:0:0:0:0:
64,192,144329,1,0,0:0:0:0:
448,192,144329,1,0,0:0:0:0:
320,192,144487,1,0,0:0:0:0:
64,192,144487,128,0,145118:0:0:0:0:
320,192,144960,1,0,0:0:0:0:
448,192,145118,128,0,145750:0:0:0:0:
192,192,145592,1,0,0:0:0:0:
64,192,145750,128,0,146381:0:0:0:0:
320,192,145750,128,0,146223:0:0:0:0:
448,192,146223,1,0,0:0:0:0:
192,192,146223,1,0,0:0:0:0:
448,192,146381,128,0,146934:0:0:0:0:
192,192,146381,128,0,146697:0:0:0:0:
320,192,146697,128,0,146934:0:0:0:0:
64,192,146697,1,0,0:0:0:0:
192,192,147013,128,0,147802:0:0:0:0:
64,192,147013,128,0,147802:0:0:0:0:
448,192,147013,128,0,148118:0:0:0:0:
192,192,147960,128,0,148118:0:0:0:0:
64,192,147960,1,0,0:0:0:0:
320,192,148118,128,0,148276:0:0:0:0:
448,192,148276,128,0,148750:0:0:0:0:
64,192,148276,1,0,0:0:0:0:
192,192,148750,1,0,0:0:0:0:
320,192,148908,1,0,0:0:0:0:
64,192,149223,1,0,0:0:0:0:
320,192,149223,128,0,149539:0:0:0:0:
448,192,149539,128,0,150013:0:0:0:0:
64,192,149539,128,0,150329:0:0:0:0:
192,192,150013,128,0,150487:0:0:0:0:
320,192,150434,1,0,0:0:0:0:
448,192,150467,1,0,0:0:0:0:
64,192,150487,128,0,150802:0:0:0:0:
192,192,150802,1,0,0:0:0:0:
448,192,150802,1,0,0:0:0:0:
320,192,150960,128,0,151197:0:0:0:0:
192,192,150960,128,0,151118:0:0:0:0:
64,192,150960,128,0,151039:0:0:0:0:
192,192,151276,128,0,151592:0:0:0:0:
320,192,151276,128,0,151513:0:0:0:0:
448,192,151276,128,0,151434:0:0:0:0:
320,192,151592,1,0,0:0:0:0:
448,192,151671,1,0,0:0:0:0:
64,192,151750,1,0,0:0:0:0:
192,192,151750,1,0,0:0:0:0:
320,192,151829,1,0,0:0:0:0:
448,192,151829,1,0,0:0:0:0:
64,192,151908,1,0,0:0:0:0:
192,192,151987,1,0,0:0:0:0:
448,192,152065,1,0,0:0:0:0:
320,192,152065,1,0,0:0:0:0:
64,192,152065,1,0,0:0:0:0:
192,192,152144,1,0,0:0:0:0:
320,192,152223,1,0,0:0:0:0:
448,192,152302,1,0,0:0:0:0:
192,192,152381,1,0,0:0:0:0:
64,192,152381,1,0,0:0:0:0:
320,192,152460,1,0,0:0:0:0:
192,192,152539,1,0,0:0:0:0:
64,192,152618,1,0,0:0:0:0:
320,192,152697,1,0,0:0:0:0:
448,192,152697,1,0,0:0:0:0:
192,192,152776,1,0,0:0:0:0:
320,192,152855,1,0,0:0:0:0:
448,192,152934,1,0,0:0:0:0:
64,192,153013,128,0,153092:0:0:0:0:
192,192,153013,128,0,153092:0:0:0:0:
448,192,153092,1,0,0:0:0:0:
192,192,153171,128,0,153250:0:0:0:0:
320,192,153171,128,0,153250:0:0:0:0:
64,192,153250,1,0,0:0:0:0:
320,192,153329,128,0,153408:0:0:0:0:
448,192,153329,128,0,153408:0:0:0:0:
64,192,153408,1,0,0:0:0:0:
192,192,153487,128,0,153565:0:0:0:0:
320,192,153487,128,0,153565:0:0:0:0:
448,192,153565,1,0,0:0:0:0:
64,192,153644,1,0,0:0:0:0:
320,192,153723,1,0,0:0:0:0:
64,192,153802,128,0,153881:0:0:0:0:
192,192,153802,128,0,153881:0:0:0:0:
448,192,153881,1,0,0:0:0:0:
320,192,153960,1,0,0:0:0:0:
192,192,154039,1,0,0:0:0:0:
320,192,154118,128,0,154197:0:0:0:0:
448,192,154118,128,0,154197:0:0:0:0:
64,192,154197,1,0,0:0:0:0:
192,192,154276,1,0,0:0:0:0:
320,192,154276,1,0,0:0:0:0:
448,192,154355,1,0,0:0:0:0:
64,192,154434,1,0,0:0:0:0:
192,192,154434,1,0,0:0:0:0:
320,192,154513,1,0,0:0:0:0:
64,192,154592,128,0,154671:0:0:0:0:
192,192,154592,128,0,154671:0:0:0:0:
448,192,154592,1,0,0:0:0:0:
320,192,154671,1,0,0:0:0:0:
192,192,154750,1,0,0:0:0:0:
448,192,154829,1,0,0:0:0:0:
64,192,154908,1,0,0:0:0:0:
192,192,154908,1,0,0:0:0:0:
320,192,154987,1,0,0:0:0:0:
64,192,155065,128,0,155144:0:0:0:0:
192,192,155065,128,0,155144:0:0:0:0:
448,192,155144,1,0,0:0:0:0:
192,192,155223,128,0,155302:0:0:0:0:
320,192,155223,128,0,155302:0:0:0:0:
64,192,155302,1,0,0:0:0:0:
320,192,155381,1,0,0:0:0:0:
192,192,155460,1,0,0:0:0:0:
320,192,155539,128,0,155618:0:0:0:0:
448,192,155539,128,0,155618:0:0:0:0:
64,192,155618,1,0,0:0:0:0:
192,192,155697,128,0,155776:0:0:0:0:
320,192,155697,128,0,155776:0:0:0:0:
448,192,155776,1,0,0:0:0:0:
64,192,155855,1,0,0:0:0:0:
192,192,155855,1,0,0:0:0:0:
448,192,155934,1,0,0:0:0:0:
320,192,156013,1,0,0:0:0:0:
192,192,156092,1,0,0:0:0:0:
448,192,156171,1,0,0:0:0:0:
64,192,156171,1,0,0:0:0:0:
192,192,156250,1,0,0:0:0:0:
320,192,156329,128,0,156408:0:0:0:0:
448,192,156329,128,0,156487:0:0:0:0:
64,192,156408,1,0,0:0:0:0:
320,192,156487,128,0,156644:0:0:0:0:
192,192,156487,128,0,156565:0:0:0:0:
448,192,156565,1,0,0:0:0:0:
192,192,156644,128,0,156802:0:0:0:0:
64,192,156644,128,0,156723:0:0:0:0:
320,192,156723,1,0,0:0:0:0:
64,192,156802,1,0,0:0:0:0:
448,192,156802,1,0,0:0:0:0:
192,192,156881,1,0,0:0:0:0:
320,192,156960,1,0,0:0:0:0:
448,192,156960,1,0,0:0:0:0:
192,192,157039,1,0,0:0:0:0:
64,192,157118,1,0,0:0:0:0:
448,192,157118,1,0,0:0:0:0:
192,192,157171,1,0,0:0:0:0:
320,192,157223,1,0,0:0:0:0:
448,192,157276,1,0,0:0:0:0:
64,192,157276,1,0,0:0:0:0:
192,192,157329,1,0,0:0:0:0:
320,192,157381,1,0,0:0:0:0:
64,192,157434,1,0,0:0:0:0:
192,192,157487,1,0,0:0:0:0:
448,192,157539,1,0,0:0:0:0:
320,192,157592,1,0,0:0:0:0:
192,192,157644,1,0,0:0:0:0:
64,192,157697,1,0,0:0:0:0:
448,192,157750,1,0,0:0:0:0:
320,192,157802,1,0,0:0:0:0:
192,192,157855,1,0,0:0:0:0:
448,192,157908,1,0,0:0:0:0:
320,192,157987,1,0,0:0:0:0:
64,192,158065,1,0,0:0:0:0:
192,192,158065,1,0,0:0:0:0:
320,192,158144,1,0,0:0:0:0:
192,192,158223,128,0,158302:0:0:0:0:
64,192,158223,128,0,158381:0:0:0:0:
448,192,158302,1,0,0:0:0:0:
192,192,158381,128,0,158539:0:0:0:0:
320,192,158381,128,0,158460:0:0:0:0:
448,192,158460,1,0,0:0:0:0:
64,192,158539,1,0,0:0:0:0:
192,192,158618,1,0,0:0:0:0:
448,192,158697,128,0,158855:0:0:0:0:
320,192,158697,128,0,158776:0:0:0:0:
64,192,158776,1,0,0:0:0:0:
192,192,158855,128,0,158934:0:0:0:0:
320,192,158855,128,0,159013:0:0:0:0:
448,192,158934,1,0,0:0:0:0:
64,192,159013,1,0,0:0:0:0:
192,192,159013,1,0,0:0:0:0:
320,192,159092,1,0,0:0:0:0:
64,192,159171,128,0,159329:0:0:0:0:
192,192,159171,128,0,159250:0:0:0:0:
448,192,159250,1,0,0:0:0:0:
192,192,159329,1,0,0:0:0:0:
320,192,159329,1,0,0:0:0:0:
448,192,159408,1,0,0:0:0:0:
192,192,159487,1,0,0:0:0:0:
64,192,159487,1,0,0:0:0:0:
320,192,159565,1,0,0:0:0:0:
64,192,159644,1,0,0:0:0:0:
448,192,159644,1,0,0:0:0:0:
192,192,159644,1,0,0:0:0:0:
448,192,159802,1,0,0:0:0:0:
64,192,159802,1,0,0:0:0:0:
192,192,159802,1,0,0:0:0:0:
192,192,159960,1,0,0:0:0:0:
320,192,159960,1,0,0:0:0:0:
448,192,160118,1,0,0:0:0:0:
64,192,160118,1,0,0:0:0:0:
320,192,160118,1,0,0:0:0:0:
320,192,160276,1,0,0:0:0:0:
192,192,160276,1,0,0:0:0:0:
448,192,160434,1,0,0:0:0:0:
192,192,160434,1,0,0:0:0:0:
64,192,160434,1,0,0:0:0:0:
320,192,160592,1,0,0:0:0:0:
192,192,160592,1,0,0:0:0:0:
448,192,160750,128,0,161223:0:0:0:0:
320,192,160750,128,0,161144:0:0:0:0:
192,192,160750,128,0,161065:0:0:0:0:
64,192,160750,128,0,160987:0:0:0:0:
320,192,161539,1,0,0:0:0:0:
448,192,161539,1,0,0:0:0:0:
320,192,161697,1,0,0:0:0:0:
192,192,161855,1,0,0:0:0:0:
64,192,161855,1,0,0:0:0:0:
192,192,162013,1,0,0:0:0:0:
448,192,162171,1,0,0:0:0:0:
64,192,162171,1,0,0:0:0:0:
320,192,162329,1,0,0:0:0:0:
192,192,162487,1,0,0:0:0:0:
64,192,162644,1,0,0:0:0:0:
320,192,162671,1,0,0:0:0:0:
192,192,162960,1,0,0:0:0:0:
448,192,162987,1,0,0:0:0:0:
64,192,163276,1,0,0:0:0:0:
192,192,163276,1,0,0:0:0:0:
320,192,163592,1,0,0:0:0:0:
192,192,163750,1,0,0:0:0:0:
64,192,163908,1,0,0:0:0:0:
448,192,164065,1,0,0:0:0:0:
320,192,164223,1,0,0:0:0:0:
192,192,164381,1,0,0:0:0:0:
320,192,164539,1,0,0:0:0:0:
448,192,164697,1,0,0:0:0:0:
64,192,164697,128,0,165013:0:0:0:0:
320,192,165013,1,0,0:0:0:0:
64,192,165171,1,0,0:0:0:0:
448,192,165171,128,0,165487:0:0:0:0:
192,192,165487,1,0,0:0:0:0:
64,192,165644,1,0,0:0:0:0:
448,192,165644,1,0,0:0:0:0:
320,192,165802,1,0,0:0:0:0:
192,192,165802,128,0,166118:0:0:0:0:
448,192,166118,1,0,0:0:0:0:
320,192,166118,1,0,0:0:0:0:
192,192,166276,1,0,0:0:0:0:
64,192,166276,1,0,0:0:0:0:
192,192,166434,1,0,0:0:0:0:
320,192,166434,128,0,166908:0:0:0:0:
448,192,166908,128,0,167144:0:0:0:0:
64,192,166908,128,0,167144:0:0:0:0:
64,192,167223,1,0,0:0:0:0:
448,192,167223,128,0,167302:0:0:0:0:
320,192,167223,128,0,167302:0:0:0:0:
64,192,167381,1,0,0:0:0:0:
320,192,167539,128,0,167618:0:0:0:0:
192,192,167539,128,0,167618:0:0:0:0:
448,192,167697,128,0,167776:0:0:0:0:
192,192,167697,128,0,167776:0:0:0:0:
320,192,167855,1,0,0:0:0:0:
64,192,168013,128,0,168092:0:0:0:0:
320,192,168013,128,0,168092:0:0:0:0:
448,192,168171,1,0,0:0:0:0:
448,192,168329,1,0,0:0:0:0:
64,192,168329,128,0,168565:0:0:0:0:
192,192,168329,128,0,168565:0:0:0:0:
320,192,168487,1,0,0:0:0:0:
64,192,168644,128,0,168723:0:0:0:0:
192,192,168644,128,0,168723:0:0:0:0:
448,192,168644,1,0,0:0:0:0:
320,192,168802,128,0,168881:0:0:0:0:
192,192,168802,128,0,168881:0:0:0:0:
64,192,168802,1,0,0:0:0:0:
448,192,168960,128,0,169276:0:0:0:0:
320,192,168960,128,0,169039:0:0:0:0:
192,192,168960,1,0,0:0:0:0:
64,192,169118,1,0,0:0:0:0:
64,192,169276,1,0,0:0:0:0:
192,192,169434,128,0,169671:0:0:0:0:
320,192,169434,128,0,169671:0:0:0:0:
448,192,169434,1,0,0:0:0:0:
448,192,169592,1,0,0:0:0:0:
192,192,169750,128,0,169829:0:0:0:0:
64,192,169750,128,0,169829:0:0:0:0:
320,192,169750,1,0,0:0:0:0:
448,192,169829,1,0,0:0:0:0:
320,192,169908,128,0,169987:0:0:0:0:
192,192,169908,128,0,169987:0:0:0:0:
64,192,169987,1,0,0:0:0:0:
448,192,170065,128,0,170144:0:0:0:0:
320,192,170065,128,0,170144:0:0:0:0:
192,192,170144,1,0,0:0:0:0:
448,192,170223,128,0,170381:0:0:0:0:
64,192,170223,128,0,170381:0:0:0:0:
320,192,170223,1,0,0:0:0:0:
192,192,170381,1,0,0:0:0:0:
320,192,170381,1,0,0:0:0:0:
320,192,170539,128,0,170618:0:0:0:0:
192,192,170539,128,0,170618:0:0:0:0:
64,192,170539,1,0,0:0:0:0:
448,192,170618,1,0,0:0:0:0:
192,192,170697,128,0,170776:0:0:0:0:
64,192,170697,128,0,170776:0:0:0:0:
320,192,170776,1,0,0:0:0:0:
448,192,170855,128,0,171092:0:0:0:0:
64,192,170855,128,0,171092:0:0:0:0:
192,192,170855,1,0,0:0:0:0:
320,192,171171,128,0,171250:0:0:0:0:
448,192,171171,128,0,171250:0:0:0:0:
64,192,171171,1,0,0:0:0:0:
320,192,171329,1,0,0:0:0:0:
64,192,171329,128,0,171408:0:0:0:0:
192,192,171329,128,0,171408:0:0:0:0:
448,192,171487,1,0,0:0:0:0:
192,192,171487,128,0,171565:0:0:0:0:
320,192,171487,128,0,171565:0:0:0:0:
64,192,171644,1,0,0:0:0:0:
192,192,171644,128,0,171697:0:0:0:0:
320,192,171671,128,0,171750:0:0:0:0:
448,192,171697,128,0,171802:0:0:0:0:
448,192,171960,1,0,0:0:0:0:
320,192,171960,128,0,172013:0:0:0:0:
192,192,171987,128,0,172065:0:0:0:0:
64,192,172013,128,0,172118:0:0:0:0:
448,192,172065,1,0,0:0:0:0:
320,192,172118,1,0,0:0:0:0:
192,192,172171,1,0,0:0:0:0:
64,192,172223,1,0,0:0:0:0:
320,192,172276,128,0,172355:0:0:0:0:
448,192,172329,128,0,172408:0:0:0:0:
64,192,172381,128,0,172460:0:0:0:0:
192,192,172434,128,0,172513:0:0:0:0:
320,192,172487,128,0,172565:0:0:0:0:
448,192,172539,128,0,172618:0:0:0:0:
192,192,172592,1,0,0:0:0:0:
64,192,172592,1,0,0:0:0:0:
448,192,172750,128,0,172829:0:0:0:0:
320,192,172750,1,0,0:0:0:0:
64,192,172829,1,0,0:0:0:0:
192,192,172908,1,0,0:0:0:0:
320,192,172987,1,0,0:0:0:0:
64,192,173065,128,0,173144:0:0:0:0:
448,192,173065,1,0,0:0:0:0:
320,192,173144,1,0,0:0:0:0:
192,192,173223,1,0,0:0:0:0:
64,192,173302,1,0,0:0:0:0:
192,192,173381,128,0,173460:0:0:0:0:
320,192,173421,128,0,173539:0:0:0:0:
448,192,173460,128,0,173618:0:0:0:0:
64,192,173539,1,0,0:0:0:0:
192,192,173618,1,0,0:0:0:0:
320,192,173697,128,0,173934:0:0:0:0:
448,192,173697,128,0,173934:0:0:0:0:
192,192,173855,1,0,0:0:0:0:
64,192,173855,1,0,0:0:0:0:
320,192,174013,128,0,174092:0:0:0:0:
192,192,174052,128,0,174171:0:0:0:0:
64,192,174092,128,0,174250:0:0:0:0:
448,192,174171,1,0,0:0:0:0:
320,192,174250,1,0,0:0:0:0:
192,192,174329,128,0,174487:0:0:0:0:
64,192,174329,128,0,174487:0:0:0:0:
320,192,174487,1,0,0:0:0:0:
448,192,174487,1,0,0:0:0:0:
64,192,174565,1,0,0:0:0:0:
192,192,174644,1,0,0:0:0:0:
320,192,174723,1,0,0:0:0:0:
192,192,174802,128,0,175039:0:0:0:0:
64,192,174802,128,0,175039:0:0:0:0:
448,192,174802,1,0,0:0:0:0:
320,192,174881,1,0,0:0:0:0:
448,192,174960,1,0,0:0:0:0:
320,192,175039,1,0,0:0:0:0:
448,192,175118,1,0,0:0:0:0:
192,192,175118,1,0,0:0:0:0:
64,192,175118,1,0,0:0:0:0:
448,192,175276,128,0,175513:0:0:0:0:
320,192,175276,128,0,175513:0:0:0:0:
64,192,175276,1,0,0:0:0:0:
192,192,175355,1,0,0:0:0:0:
64,192,175434,1,0,0:0:0:0:
192,192,175513,1,0,0:0:0:0:
64,192,175592,1,0,0:0:0:0:
448,192,175592,1,0,0:0:0:0:
320,192,175592,1,0,0:0:0:0:
448,192,175750,1,0,0:0:0:0:
64,192,175750,1,0,0:0:0:0:
192,192,175750,1,0,0:0:0:0:
192,192,175908,128,0,175987:0:0:0:0:
320,192,175908,128,0,176144:0:0:0:0:
448,192,175908,1,0,0:0:0:0:
192,192,176065,1,0,0:0:0:0:
64,192,176144,1,0,0:0:0:0:
320,192,176223,1,0,0:0:0:0:
192,192,176223,1,0,0:0:0:0:
448,192,176302,1,0,0:0:0:0:
64,192,176381,128,0,176539:0:0:0:0:
192,192,176381,128,0,176539:0:0:0:0:
320,192,176381,1,0,0:0:0:0:
448,192,176539,128,0,176697:0:0:0:0:
64,192,176618,1,0,0:0:0:0:
192,192,176697,128,0,176855:0:0:0:0:
320,192,176697,128,0,176855:0:0:0:0:
64,192,176855,128,0,177013:0:0:0:0:
192,192,176934,1,0,0:0:0:0:
448,192,177013,128,0,177171:0:0:0:0:
320,192,177013,128,0,177171:0:0:0:0:
64,192,177092,1,0,0:0:0:0:
192,192,177171,1,0,0:0:0:0:
320,192,177250,1,0,0:0:0:0:
64,192,177329,128,0,177526:0:0:0:0:
192,192,177329,128,0,177447:0:0:0:0:
448,192,177329,128,0,177408:0:0:0:0:
64,192,177644,128,0,177704:0:0:0:0:
320,192,177644,128,0,177723:0:0:0:0:
448,192,177644,128,0,177763:0:0:0:0:
64,192,177802,128,0,178039:0:0:0:0:
448,192,177802,1,0,0:0:0:0:
320,192,177881,1,0,0:0:0:0:
192,192,177960,1,0,0:0:0:0:
448,192,178039,1,0,0:0:0:0:
320,192,178118,1,0,0:0:0:0:
192,192,178118,1,0,0:0:0:0:
64,192,178118,1,0,0:0:0:0:
64,192,178276,1,0,0:0:0:0:
448,192,178276,1,0,0:0:0:0:
320,192,178276,1,0,0:0:0:0:
64,192,178434,128,0,178671:0:0:0:0:
192,192,178434,128,0,178671:0:0:0:0:
320,192,178434,1,0,0:0:0:0:
448,192,178592,1,0,0:0:0:0:
320,192,178671,1,0,0:0:0:0:
192,192,178750,128,0,178829:0:0:0:0:
64,192,178750,128,0,178829:0:0:0:0:
448,192,178829,1,0,0:0:0:0:
320,192,178908,128,0,178987:0:0:0:0:
192,192,178908,128,0,178987:0:0:0:0:
64,192,178987,1,0,0:0:0:0:
448,192,179065,128,0,179302:0:0:0:0:
192,192,179065,1,0,0:0:0:0:
320,192,179065,128,0,179302:0:0:0:0:
64,192,179223,1,0,0:0:0:0:
192,192,179302,1,0,0:0:0:0:
320,192,179381,1,0,0:0:0:0:
192,192,179460,1,0,0:0:0:0:
448,192,179539,1,0,0:0:0:0:
320,192,179539,1,0,0:0:0:0:
192,192,179618,1,0,0:0:0:0:
64,192,179618,1,0,0:0:0:0:
320,192,179697,1,0,0:0:0:0:
448,192,179697,1,0,0:0:0:0:
192,192,179776,1,0,0:0:0:0:
448,192,179855,128,0,180723:0:0:0:0:
320,192,179855,1,0,0:0:0:0:
64,192,179855,128,0,180960:0:0:0:0:
192,192,180329,128,0,180881:0:0:0:0:
320,192,180329,128,0,180802:0:0:0:0:
448,192,180802,1,0,0:0:0:0:
320,192,180881,1,0,0:0:0:0:
192,192,180960,1,0,0:0:0:0:
64,192,181039,1,0,0:0:0:0:
192,192,181118,128,0,181671:0:0:0:0:
320,192,181118,128,0,181671:0:0:0:0:
448,192,181118,128,0,181671:0:0:0:0:
320,192,181750,128,0,182065:0:0:0:0:
64,192,181750,128,0,182302:0:0:0:0:
192,192,181750,128,0,182302:0:0:0:0:
448,192,182065,128,0,182302:0:0:0:0:
64,192,182381,1,0,0:0:0:0:
448,192,182381,1,0,0:0:0:0:
320,192,182381,1,0,0:0:0:0:
192,192,182381,1,0,0:0:0:0:
192,192,182539,1,0,0:0:0:0:
320,192,182697,1,0,0:0:0:0:
448,192,182855,1,0,0:0:0:0:
64,192,183013,1,0,0:0:0:0:
192,192,183171,1,0,0:0:0:0:
448,192,183329,1,0,0:0:0:0:
320,192,183368,1,0,0:0:0:0:
192,192,183408,1,0,0:0:0:0:
64,192,183447,1,0,0:0:0:0:
448,192,183487,1,0,0:0:0:0:
320,192,183526,1,0,0:0:0:0:
192,192,183565,1,0,0:0:0:0:
64,192,183605,1,0,0:0:0:0:
448,192,183644,1,0,0:0:0:0:
320,192,183644,1,0,0:0:0:0:
448,192,183960,1,0,0:0:0:0:
64,192,183960,128,0,184276:0:0:0:0:
192,192,183960,128,0,184118:0:0:0:0:
320,192,183960,128,0,184039:0:0:0:0:
448,192,184276,1,0,0:0:0:0:
320,192,184276,1,0,0:0:0:0:
192,192,184434,1,0,0:0:0:0:
448,192,184434,1,0,0:0:0:0:
64,192,184592,1,0,0:0:0:0:
448,192,184592,1,0,0:0:0:0:
320,192,184592,1,0,0:0:0:0:
64,192,184750,128,0,184908:0:0:0:0:
192,192,184750,128,0,184829:0:0:0:0:
448,192,184908,128,0,185065:0:0:0:0:
320,192,184908,128,0,184987:0:0:0:0:
320,192,185065,128,0,185223:0:0:0:0:
192,192,185065,128,0,185144:0:0:0:0:
192,192,185223,128,0,185381:0:0:0:0:
64,192,185223,128,0,185302:0:0:0:0:
448,192,185223,1,0,0:0:0:0:
320,192,185381,128,0,185539:0:0:0:0:
448,192,185381,128,0,185539:0:0:0:0:
64,192,185539,1,0,0:0:0:0:
192,192,185539,1,0,0:0:0:0:
448,192,185618,1,0,0:0:0:0:
64,192,185697,128,0,185855:0:0:0:0:
192,192,185697,128,0,185776:0:0:0:0:
192,192,185855,128,0,186013:0:0:0:0:
320,192,185855,128,0,185934:0:0:0:0:
448,192,185855,1,0,0:0:0:0:
320,192,186013,128,0,186171:0:0:0:0:
448,192,186013,128,0,186092:0:0:0:0:
448,192,186171,128,0,186408:0:0:0:0:
192,192,186197,128,0,186487:0:0:0:0:
64,192,186223,128,0,186487:0:0:0:0:
320,192,186329,128,0,186408:0:0:0:0:
448,192,186487,1,0,0:0:0:0:
320,192,186487,1,0,0:0:0:0:
64,192,186644,128,0,186881:0:0:0:0:
320,192,186671,128,0,186960:0:0:0:0:
448,192,186697,128,0,186960:0:0:0:0:
192,192,186802,128,0,186881:0:0:0:0:
64,192,186960,1,0,0:0:0:0:
192,192,186960,1,0,0:0:0:0:
320,192,187118,1,0,0:0:0:0:
192,192,187118,1,0,0:0:0:0:
64,192,187118,1,0,0:0:0:0:
448,192,187276,1,0,0:0:0:0:
64,192,187276,128,0,187355:0:0:0:0:
192,192,187315,128,0,187473:0:0:0:0:
320,192,187355,128,0,187592:0:0:0:0:
64,192,187592,128,0,187671:0:0:0:0:
192,192,187592,128,0,187671:0:0:0:0:
448,192,187671,1,0,0:0:0:0:
64,192,187750,1,0,0:0:0:0:
192,192,187750,128,0,187829:0:0:0:0:
320,192,187750,128,0,187829:0:0:0:0:
448,192,187908,128,0,187987:0:0:0:0:
320,192,187908,128,0,187987:0:0:0:0:
64,192,187908,1,0,0:0:0:0:
192,192,188065,1,0,0:0:0:0:
64,192,188065,128,0,188302:0:0:0:0:
448,192,188065,128,0,188302:0:0:0:0:
320,192,188144,1,0,0:0:0:0:
192,192,188223,1,0,0:0:0:0:
320,192,188302,1,0,0:0:0:0:
64,192,188381,1,0,0:0:0:0:
192,192,188381,1,0,0:0:0:0:
320,192,188460,1,0,0:0:0:0:
448,192,188460,1,0,0:0:0:0:
192,192,188539,1,0,0:0:0:0:
64,192,188539,1,0,0:0:0:0:
320,192,188618,1,0,0:0:0:0:
64,192,188697,1,0,0:0:0:0:
192,192,188697,1,0,0:0:0:0:
448,192,188697,1,0,0:0:0:0:
64,192,189013,1,0,0:0:0:0:
448,192,189013,128,0,189329:0:0:0:0:
320,192,189013,128,0,189171:0:0:0:0:
192,192,189013,128,0,189092:0:0:0:0:
192,192,189329,1,0,0:0:0:0:
64,192,189329,1,0,0:0:0:0:
64,192,189487,1,0,0:0:0:0:
320,192,189487,1,0,0:0:0:0:
448,192,189644,1,0,0:0:0:0:
192,192,189644,1,0,0:0:0:0:
64,192,189644,1,0,0:0:0:0:
320,192,189802,128,0,189881:0:0:0:0:
448,192,189802,128,0,189960:0:0:0:0:
64,192,189960,128,0,190118:0:0:0:0:
192,192,189960,128,0,190039:0:0:0:0:
192,192,190118,128,0,190276:0:0:0:0:
320,192,190118,128,0,190197:0:0:0:0:
320,192,190276,128,0,190434:0:0:0:0:
448,192,190276,128,0,190355:0:0:0:0:
64,192,190276,1,0,0:0:0:0:
192,192,190434,128,0,190750:0:0:0:0:
64,192,190434,128,0,190592:0:0:0:0:
448,192,190592,1,0,0:0:0:0:
320,192,190592,1,0,0:0:0:0:
64,192,190671,1,0,0:0:0:0:
448,192,190750,128,0,190908:0:0:0:0:
320,192,190750,128,0,190829:0:0:0:0:
320,192,190908,128,0,191065:0:0:0:0:
192,192,190908,128,0,190987:0:0:0:0:
64,192,190908,1,0,0:0:0:0:
448,192,190987,1,0,0:0:0:0:
192,192,191065,128,0,191223:0:0:0:0:
64,192,191065,128,0,191144:0:0:0:0:
320,192,191144,1,0,0:0:0:0:
64,192,191223,128,0,192013:0:0:0:0:
448,192,191223,128,0,191697:0:0:0:0:
448,192,191796,1,0,0:0:0:0:
320,192,191835,1,0,0:0:0:0:
192,192,191881,1,0,0:0:0:0:
64,192,192171,128,0,192276:0:0:0:0:
192,192,192223,128,0,192329:0:0:0:0:
320,192,192276,128,0,192381:0:0:0:0:
448,192,192329,128,0,192434:0:0:0:0:
64,192,192381,128,0,192434:0:0:0:0:
192,192,192434,128,0,192487:0:0:0:0:
320,192,192487,1,0,0:0:0:0:
448,192,192487,1,0,0:0:0:0:
64,192,192487,1,0,0:0:0:0:
64,192,192644,128,0,192881:0:0:0:0:
320,192,192644,128,0,192881:0:0:0:0:
448,192,192644,128,0,192881:0:0:0:0:
64,192,192960,1,0,0:0:0:0:
320,192,192960,1,0,0:0:0:0:
448,192,192960,1,0,0:0:0:0:
192,192,193276,1,0,0:0:0:0:
320,192,193355,1,0,0:0:0:0:
64,192,193434,1,0,0:0:0:0:
192,192,193434,1,0,0:0:0:0:
448,192,193434,1,0,0:0:0:0:
448,192,193592,128,0,193829:0:0:0:0:
64,192,193592,128,0,193829:0:0:0:0:
192,192,193592,128,0,193829:0:0:0:0:
192,192,193908,1,0,0:0:0:0:
64,192,193908,1,0,0:0:0:0:
448,192,193908,1,0,0:0:0:0:
448,192,194223,1,0,0:0:0:0:
64,192,194302,1,0,0:0:0:0:
448,192,194381,1,0,0:0:0:0:
320,192,194381,1,0,0:0:0:0:
192,192,194381,1,0,0:0:0:0:
192,192,194539,128,0,194776:0:0:0:0:
320,192,194539,128,0,194776:0:0:0:0:
448,192,194539,128,0,194776:0:0:0:0:
192,192,194855,1,0,0:0:0:0:
320,192,194855,1,0,0:0:0:0:
64,192,194855,128,0,202138:0:0:0:0:
320,192,195565,1,0,0:0:0:0:
448,192,195644,1,0,0:0:0:0:
192,192,195723,1,0,0:0:0:0:
320,192,195802,1,0,0:0:0:0:
320,192,196065,1,0,0:0:0:0:
448,192,196118,1,0,0:0:0:0:
192,192,196171,1,0,0:0:0:0:
320,192,196223,1,0,0:0:0:0:
448,192,196276,1,0,0:0:0:0:
320,192,196908,1,0,0:0:0:0:
192,192,196987,1,0,0:0:0:0:
448,192,197065,1,0,0:0:0:0:
320,192,197144,1,0,0:0:0:0:
448,192,197875,1,0,0:0:0:0:
320,192,198368,1,0,0:0:0:0:
192,192,198921,1,0,0:0:0:0:
448,192,198960,1,0,0:0:0:0:
320,192,198960,1,0,0:0:0:0:
192,192,202096,128,0,202186:0:0:0:0:
320,192,202141,128,0,202276:0:0:0:0:
448,192,202186,128,0,202366:0:0:0:0:
