osu file format v14

[General]
AudioFilename: audio.ogg
AudioLeadIn: 0
PreviewTime: 161539
Countdown: 0
SampleSet: Soft
StackLeniency: 0.7
Mode: 3
LetterboxInBreaks: 0
SpecialStyle: 0
WidescreenStoryboard: 1

[Editor]
DistanceSpacing: 1.6
BeatDivisor: 4
GridSize: 4
TimelineZoom: 2.299999

[Metadata]
Title:Shooting Star
TitleUnicode:유성우
Artist:StelLive Cliche
ArtistUnicode:스텔라이브 Cliché
Creator:Seulgi
Version:Normal
Source:
Tags:2nd original single 1st EP extended play Colorful Strokes 컬러풀 스트로크 스트로크스 k-pop kpop pop korean 3기생 3rd 클리셰 클리세 텐코 시부키 Tenko Shibuki 天狐 紫吹 아오쿠모 린 Aokumo Rin 青雲 凛 하나코 나나 Hanako Nana 花子ナナ 유즈하 리코 Yuzuha Riko 柚葉 莉子 DRLDMFKR REQ Accelers 엑셀러즈 virtual vtuber youtuber
BeatmapID:5684432
BeatmapSetID:2558358

[Difficulty]
HPDrainRate:7.5
CircleSize:4
OverallDifficulty:7
ApproachRate:5
SliderMultiplier:1.4
SliderTickRate:1

[Events]
//Background and Video events
Video,0,"video.mp4"
0,0,"2.jpg",0,0
//Break Periods
//Storyboard Layer 0 (Background)
//Storyboard Layer 1 (Fail)
//Storyboard Layer 2 (Pass)
//Storyboard Layer 3 (Foreground)
//Storyboard Layer 4 (Overlay)
//Storyboard Sound Samples

[TimingPoints]
487,315.789473684211,4,2,1,30,1,0
53855,-100,4,2,1,30,0,1
63329,-100,4,2,1,30,0,0
63960,-100,4,2,1,30,0,1
73750,-100,4,2,1,30,0,0
122065,-100,4,2,1,30,0,1
131539,-100,4,2,1,30,0,0
132171,-100,4,2,1,30,0,1
141960,-100,4,2,1,30,0,0
172592,-100,4,2,1,30,0,1
182381,-100,4,2,1,30,0,0


[HitObjects]
448,192,487,5,0,0:0:0:0:
64,192,487,1,0,0:0:0:0:
320,192,644,1,0,0:0:0:0:
192,192,802,1,0,0:0:0:0:
320,192,960,128,0,1302:0:0:0:0:
192,192,1302,128,0,1750:0:0:0:0:
448,192,1750,128,0,2065:0:0:0:0:
64,192,1750,128,0,2065:0:0:0:0:
192,192,2223,128,0,2539:0:0:0:0:
448,192,2223,128,0,2539:0:0:0:0:
320,192,2697,128,0,3013:0:0:0:0:
448,192,2697,128,0,3013:0:0:0:0:
64,192,3013,128,0,4276:0:0:0:0:
192,192,3013,128,0,4276:0:0:0:0:
320,192,4434,1,0,0:0:0:0:
192,192,4592,1,0,0:0:0:0:
64,192,4750,1,0,0:0:0:0:
448,192,4908,1,0,0:0:0:0:
320,192,5065,1,0,0:0:0:0:
192,192,5223,1,0,0:0:0:0:
320,192,5381,1,0,0:0:0:0:
192,192,5460,1,0,0:0:0:0:
64,192,5539,1,0,0:0:0:0:
448,192,5539,1,0,0:0:0:0:
448,192,5855,128,0,6171:0:0:0:0:
320,192,5855,1,0,0:0:0:0:
64,192,6171,1,0,0:0:0:0:
192,192,6329,1,0,0:0:0:0:
320,192,6487,1,0,0:0:0:0:
192,192,6644,1,0,0:0:0:0:
64,192,6802,128,0,6960:0:0:0:0:
192,192,6960,128,0,7118:0:0:0:0:
448,192,7118,128,0,7276:0:0:0:0:
320,192,7276,128,0,7592:0:0:0:0:
64,192,7592,128,0,7750:0:0:0:0:
192,192,7750,128,0,7908:0:0:0:0:
320,192,7908,128,0,8065:0:0:0:0:
448,192,8065,128,0,8381:0:0:0:0:
64,192,8065,1,0,0:0:0:0:
64,192,8381,1,0,0:0:0:0:
192,192,8539,128,0,8855:0:0:0:0:
320,192,8539,1,0,0:0:0:0:
320,192,8855,1,0,0:0:0:0:
192,192,9013,1,0,0:0:0:0:
64,192,9171,128,0,9487:0:0:0:0:
448,192,9171,1,0,0:0:0:0:
448,192,9487,128,0,9644:0:0:0:0:
320,192,9644,128,0,9802:0:0:0:0:
192,192,9802,128,0,9960:0:0:0:0:
64,192,9960,128,0,10276:0:0:0:0:
448,192,9960,1,0,0:0:0:0:
448,192,10276,1,0,0:0:0:0:
320,192,10434,1,0,0:0:0:0:
64,192,10592,1,0,0:0:0:0:
192,192,10592,1,0,0:0:0:0:
448,192,10908,128,0,11223:0:0:0:0:
320,192,10908,1,0,0:0:0:0:
64,192,11223,1,0,0:0:0:0:
192,192,11381,1,0,0:0:0:0:
320,192,11539,1,0,0:0:0:0:
192,192,11697,1,0,0:0:0:0:
448,192,11855,128,0,12013:0:0:0:0:
320,192,12013,128,0,12171:0:0:0:0:
64,192,12171,128,0,12329:0:0:0:0:
192,192,12329,128,0,12644:0:0:0:0:
448,192,12644,128,0,12802:0:0:0:0:
320,192,12802,128,0,12960:0:0:0:0:
192,192,12960,128,0,14065:0:0:0:0:
448,192,13118,1,0,0:0:0:0:
448,192,13592,1,0,0:0:0:0:
320,192,14065,1,0,0:0:0:0:
192,192,14223,1,0,0:0:0:0:
448,192,14381,1,0,0:0:0:0:
64,192,14539,128,0,14855:0:0:0:0:
192,192,14539,128,0,14855:0:0:0:0:
320,192,14855,128,0,15329:0:0:0:0:
448,192,14855,128,0,15329:0:0:0:0:
64,192,15644,1,0,0:0:0:0:
448,192,15644,1,0,0:0:0:0:
64,192,15960,1,0,0:0:0:0:
320,192,16118,1,0,0:0:0:0:
64,192,16276,1,0,0:0:0:0:
448,192,16434,1,0,0:0:0:0:
64,192,16592,1,0,0:0:0:0:
192,192,16750,1,0,0:0:0:0:
448,192,16908,1,0,0:0:0:0:
64,192,16908,1,0,0:0:0:0:
448,192,17223,1,0,0:0:0:0:
64,192,17381,1,0,0:0:0:0:
448,192,17539,1,0,0:0:0:0:
192,192,17697,1,0,0:0:0:0:
448,192,17855,1,0,0:0:0:0:
320,192,18013,1,0,0:0:0:0:
192,192,18171,1,0,0:0:0:0:
64,192,18171,1,0,0:0:0:0:
64,192,18487,1,0,0:0:0:0:
448,192,18644,1,0,0:0:0:0:
64,192,18802,1,0,0:0:0:0:
320,192,18960,1,0,0:0:0:0:
64,192,19118,1,0,0:0:0:0:
192,192,19276,1,0,0:0:0:0:
448,192,19434,1,0,0:0:0:0:
320,192,19434,1,0,0:0:0:0:
448,192,19750,1,0,0:0:0:0:
64,192,19908,1,0,0:0:0:0:
192,192,20065,1,0,0:0:0:0:
320,192,20065,1,0,0:0:0:0:
64,192,20381,1,0,0:0:0:0:
448,192,20539,1,0,0:0:0:0:
64,192,20697,1,0,0:0:0:0:
192,192,20697,1,0,0:0:0:0:
320,192,20855,1,0,0:0:0:0:
448,192,21013,1,0,0:0:0:0:
64,192,21171,128,0,21487:0:0:0:0:
448,192,21487,1,0,0:0:0:0:
192,192,21644,128,0,21960:0:0:0:0:
448,192,22118,1,0,0:0:0:0:
64,192,22276,1,0,0:0:0:0:
448,192,22434,128,0,22750:0:0:0:0:
192,192,22750,1,0,0:0:0:0:
64,192,22908,128,0,23223:0:0:0:0:
320,192,23065,1,0,0:0:0:0:
448,192,23223,128,0,23855:0:0:0:0:
192,192,23223,1,0,0:0:0:0:
192,192,23539,1,0,0:0:0:0:
320,192,23855,128,0,24487:0:0:0:0:
64,192,23855,1,0,0:0:0:0:
64,192,24171,1,0,0:0:0:0:
192,192,24487,1,0,0:0:0:0:
448,192,24487,1,0,0:0:0:0:
64,192,24644,1,0,0:0:0:0:
192,192,24802,1,0,0:0:0:0:
320,192,24960,1,0,0:0:0:0:
448,192,25118,1,0,0:0:0:0:
320,192,25276,1,0,0:0:0:0:
192,192,25434,1,0,0:0:0:0:
64,192,25592,1,0,0:0:0:0:
448,192,25750,1,0,0:0:0:0:
320,192,25750,1,0,0:0:0:0:
448,192,26065,1,0,0:0:0:0:
192,192,26223,1,0,0:0:0:0:
448,192,26381,1,0,0:0:0:0:
64,192,26539,1,0,0:0:0:0:
448,192,26697,1,0,0:0:0:0:
320,192,26855,1,0,0:0:0:0:
64,192,27013,1,0,0:0:0:0:
448,192,27013,1,0,0:0:0:0:
64,192,27329,1,0,0:0:0:0:
448,192,27487,1,0,0:0:0:0:
64,192,27644,1,0,0:0:0:0:
320,192,27802,1,0,0:0:0:0:
64,192,27960,1,0,0:0:0:0:
192,192,28118,1,0,0:0:0:0:
320,192,28276,1,0,0:0:0:0:
448,192,28276,1,0,0:0:0:0:
64,192,28592,128,0,28908:0:0:0:0:
448,192,28592,1,0,0:0:0:0:
192,192,28908,128,0,29223:0:0:0:0:
448,192,28908,1,0,0:0:0:0:
320,192,29223,128,0,29539:0:0:0:0:
448,192,29223,1,0,0:0:0:0:
64,192,29539,1,0,0:0:0:0:
448,192,29539,1,0,0:0:0:0:
192,192,29697,1,0,0:0:0:0:
320,192,29855,1,0,0:0:0:0:
448,192,30013,1,0,0:0:0:0:
64,192,30171,1,0,0:0:0:0:
192,192,30329,128,0,30644:0:0:0:0:
448,192,30329,128,0,30644:0:0:0:0:
64,192,30644,1,0,0:0:0:0:
448,192,30802,1,0,0:0:0:0:
320,192,30802,1,0,0:0:0:0:
192,192,30960,1,0,0:0:0:0:
64,192,31118,1,0,0:0:0:0:
448,192,31276,128,0,31592:0:0:0:0:
64,192,31592,1,0,0:0:0:0:
320,192,31750,128,0,32065:0:0:0:0:
64,192,32223,1,0,0:0:0:0:
448,192,32381,1,0,0:0:0:0:
192,192,32539,128,0,32855:0:0:0:0:
320,192,32855,1,0,0:0:0:0:
448,192,33013,128,0,33329:0:0:0:0:
192,192,33171,1,0,0:0:0:0:
64,192,33329,128,0,33960:0:0:0:0:
320,192,33329,1,0,0:0:0:0:
320,192,33644,1,0,0:0:0:0:
192,192,33960,128,0,34592:0:0:0:0:
448,192,33960,1,0,0:0:0:0:
448,192,34276,1,0,0:0:0:0:
320,192,34592,1,0,0:0:0:0:
64,192,34592,128,0,34750:0:0:0:0:
192,192,34908,128,0,35065:0:0:0:0:
448,192,35223,128,0,35381:0:0:0:0:
320,192,35539,128,0,35697:0:0:0:0:
64,192,35855,128,0,36644:0:0:0:0:
448,192,35855,1,0,0:0:0:0:
192,192,36644,1,0,0:0:0:0:
320,192,36802,1,0,0:0:0:0:
448,192,36960,1,0,0:0:0:0:
192,192,37118,128,0,37592:0:0:0:0:
448,192,37592,1,0,0:0:0:0:
320,192,37750,128,0,38065:0:0:0:0:
192,192,38065,128,0,38381:0:0:0:0:
448,192,38381,128,0,38697:0:0:0:0:
320,192,38697,128,0,39013:0:0:0:0:
64,192,39013,1,0,0:0:0:0:
192,192,39171,1,0,0:0:0:0:
320,192,39329,1,0,0:0:0:0:
192,192,39487,1,0,0:0:0:0:
64,192,39644,128,0,40118:0:0:0:0:
448,192,40118,1,0,0:0:0:0:
192,192,40276,128,0,40750:0:0:0:0:
448,192,40750,1,0,0:0:0:0:
64,192,40750,1,0,0:0:0:0:
192,192,40908,1,0,0:0:0:0:
320,192,40908,1,0,0:0:0:0:
448,192,41539,128,0,42171:0:0:0:0:
320,192,42171,128,0,42487:0:0:0:0:
192,192,42487,128,0,42802:0:0:0:0:
64,192,42802,128,0,43118:0:0:0:0:
448,192,42802,1,0,0:0:0:0:
448,192,43118,128,0,43276:0:0:0:0:
320,192,43118,1,0,0:0:0:0:
192,192,43276,128,0,43908:0:0:0:0:
64,192,43276,1,0,0:0:0:0:
320,192,43434,1,0,0:0:0:0:
448,192,44223,1,0,0:0:0:0:
64,192,44223,1,0,0:0:0:0:
320,192,44381,1,0,0:0:0:0:
192,192,44539,128,0,44855:0:0:0:0:
448,192,44855,1,0,0:0:0:0:
64,192,44855,128,0,45013:0:0:0:0:
192,192,45013,128,0,45171:0:0:0:0:
320,192,45171,128,0,45487:0:0:0:0:
448,192,45487,1,0,0:0:0:0:
64,192,45487,1,0,0:0:0:0:
320,192,45644,1,0,0:0:0:0:
192,192,45802,1,0,0:0:0:0:
64,192,45960,1,0,0:0:0:0:
448,192,45960,1,0,0:0:0:0:
320,192,46118,1,0,0:0:0:0:
64,192,46276,1,0,0:0:0:0:
192,192,46434,1,0,0:0:0:0:
64,192,46592,1,0,0:0:0:0:
448,192,46592,128,0,46908:0:0:0:0:
320,192,46908,128,0,47223:0:0:0:0:
64,192,46908,1,0,0:0:0:0:
448,192,47223,1,0,0:0:0:0:
64,192,47223,1,0,0:0:0:0:
192,192,47381,1,0,0:0:0:0:
448,192,47539,1,0,0:0:0:0:
320,192,47697,1,0,0:0:0:0:
448,192,47855,1,0,0:0:0:0:
64,192,47855,128,0,48171:0:0:0:0:
192,192,48171,128,0,48487:0:0:0:0:
448,192,48171,1,0,0:0:0:0:
448,192,48487,128,0,48802:0:0:0:0:
64,192,48487,1,0,0:0:0:0:
64,192,48802,1,0,0:0:0:0:
192,192,48960,128,0,49276:0:0:0:0:
320,192,48960,1,0,0:0:0:0:
320,192,49276,1,0,0:0:0:0:
64,192,49434,128,0,50223:0:0:0:0:
448,192,49434,1,0,0:0:0:0:
448,192,49908,1,0,0:0:0:0:
320,192,50065,1,0,0:0:0:0:
192,192,50223,1,0,0:0:0:0:
320,192,50381,1,0,0:0:0:0:
64,192,50381,1,0,0:0:0:0:
448,192,50539,1,0,0:0:0:0:
64,192,50697,1,0,0:0:0:0:
192,192,50697,1,0,0:0:0:0:
320,192,50855,1,0,0:0:0:0:
448,192,51013,1,0,0:0:0:0:
64,192,51013,1,0,0:0:0:0:
64,192,51171,1,0,0:0:0:0:
448,192,51171,1,0,0:0:0:0:
192,192,51487,1,0,0:0:0:0:
320,192,51487,1,0,0:0:0:0:
192,192,51802,1,0,0:0:0:0:
320,192,51802,1,0,0:0:0:0:
64,192,52118,1,0,0:0:0:0:
448,192,52118,1,0,0:0:0:0:
448,192,52908,1,0,0:0:0:0:
320,192,53065,1,0,0:0:0:0:
192,192,53223,1,0,0:0:0:0:
64,192,53381,1,0,0:0:0:0:
448,192,53539,1,0,0:0:0:0:
320,192,53539,1,0,0:0:0:0:
64,192,53855,1,0,0:0:0:0:
192,192,53855,1,0,0:0:0:0:
320,192,54013,128,0,54329:0:0:0:0:
448,192,54013,1,0,0:0:0:0:
64,192,54329,128,0,54644:0:0:0:0:
192,192,54329,1,0,0:0:0:0:
192,192,54644,128,0,54960:0:0:0:0:
320,192,54644,1,0,0:0:0:0:
448,192,54960,128,0,55276:0:0:0:0:
64,192,54960,1,0,0:0:0:0:
320,192,55276,128,0,55592:0:0:0:0:
64,192,55276,1,0,0:0:0:0:
192,192,55592,128,0,55908:0:0:0:0:
448,192,55592,1,0,0:0:0:0:
64,192,55908,1,0,0:0:0:0:
320,192,55908,1,0,0:0:0:0:
448,192,56065,128,0,56381:0:0:0:0:
192,192,56065,1,0,0:0:0:0:
192,192,56381,1,0,0:0:0:0:
64,192,56539,128,0,56855:0:0:0:0:
320,192,56539,1,0,0:0:0:0:
320,192,56855,1,0,0:0:0:0:
192,192,57171,128,0,57487:0:0:0:0:
320,192,57171,128,0,57487:0:0:0:0:
448,192,57487,1,0,0:0:0:0:
64,192,57487,1,0,0:0:0:0:
192,192,57644,1,0,0:0:0:0:
320,192,57802,1,0,0:0:0:0:
64,192,57960,1,0,0:0:0:0:
192,192,58118,1,0,0:0:0:0:
448,192,58276,1,0,0:0:0:0:
320,192,58276,1,0,0:0:0:0:
192,192,58434,1,0,0:0:0:0:
64,192,58592,128,0,58908:0:0:0:0:
320,192,58592,1,0,0:0:0:0:
320,192,58908,1,0,0:0:0:0:
192,192,59065,128,0,59381:0:0:0:0:
448,192,59065,1,0,0:0:0:0:
448,192,59381,1,0,0:0:0:0:
64,192,59539,1,0,0:0:0:0:
448,192,59697,128,0,60013:0:0:0:0:
320,192,59697,1,0,0:0:0:0:
192,192,60013,128,0,60171:0:0:0:0:
320,192,60171,128,0,60329:0:0:0:0:
448,192,60329,128,0,60644:0:0:0:0:
64,192,60329,1,0,0:0:0:0:
192,192,60644,1,0,0:0:0:0:
64,192,60802,128,0,61118:0:0:0:0:
320,192,60802,1,0,0:0:0:0:
320,192,61118,1,0,0:0:0:0:
448,192,61118,128,0,61434:0:0:0:0:
192,192,61276,1,0,0:0:0:0:
64,192,61434,1,0,0:0:0:0:
192,192,61592,128,0,61908:0:0:0:0:
320,192,61592,128,0,61908:0:0:0:0:
64,192,61908,1,0,0:0:0:0:
448,192,62065,1,0,0:0:0:0:
64,192,62223,128,0,62855:0:0:0:0:
192,192,62223,1,0,0:0:0:0:
448,192,62539,1,0,0:0:0:0:
320,192,62697,1,0,0:0:0:0:
192,192,62855,1,0,0:0:0:0:
448,192,63013,1,0,0:0:0:0:
320,192,63013,1,0,0:0:0:0:
64,192,63329,1,0,0:0:0:0:
192,192,63329,1,0,0:0:0:0:
448,192,63644,1,0,0:0:0:0:
64,192,63644,128,0,63960:0:0:0:0:
448,192,63960,1,0,0:0:0:0:
320,192,63960,1,0,0:0:0:0:
192,192,64118,128,0,64434:0:0:0:0:
64,192,64118,1,0,0:0:0:0:
448,192,64434,128,0,64750:0:0:0:0:
320,192,64434,1,0,0:0:0:0:
320,192,64750,128,0,65065:0:0:0:0:
192,192,64750,1,0,0:0:0:0:
64,192,65065,128,0,65381:0:0:0:0:
448,192,65065,1,0,0:0:0:0:
192,192,65381,128,0,65697:0:0:0:0:
448,192,65381,1,0,0:0:0:0:
320,192,65697,128,0,66013:0:0:0:0:
64,192,65697,1,0,0:0:0:0:
448,192,66013,1,0,0:0:0:0:
192,192,66013,1,0,0:0:0:0:
64,192,66171,128,0,66487:0:0:0:0:
320,192,66171,1,0,0:0:0:0:
320,192,66487,1,0,0:0:0:0:
448,192,66644,128,0,66960:0:0:0:0:
192,192,66644,1,0,0:0:0:0:
192,192,66960,1,0,0:0:0:0:
320,192,67276,128,0,67592:0:0:0:0:
192,192,67276,128,0,67592:0:0:0:0:
64,192,67592,1,0,0:0:0:0:
448,192,67592,1,0,0:0:0:0:
320,192,67750,1,0,0:0:0:0:
192,192,67908,1,0,0:0:0:0:
448,192,68065,1,0,0:0:0:0:
320,192,68223,1,0,0:0:0:0:
64,192,68381,1,0,0:0:0:0:
192,192,68381,1,0,0:0:0:0:
320,192,68539,1,0,0:0:0:0:
448,192,68697,128,0,69013:0:0:0:0:
192,192,68697,1,0,0:0:0:0:
192,192,69013,1,0,0:0:0:0:
320,192,69171,128,0,69487:0:0:0:0:
64,192,69171,1,0,0:0:0:0:
64,192,69487,1,0,0:0:0:0:
448,192,69644,1,0,0:0:0:0:
64,192,69802,128,0,70118:0:0:0:0:
192,192,69802,1,0,0:0:0:0:
320,192,70118,128,0,70276:0:0:0:0:
192,192,70276,128,0,70434:0:0:0:0:
64,192,70434,128,0,70750:0:0:0:0:
448,192,70434,1,0,0:0:0:0:
192,192,70750,1,0,0:0:0:0:
320,192,70908,1,0,0:0:0:0:
448,192,71065,1,0,0:0:0:0:
64,192,71065,128,0,71697:0:0:0:0:
320,192,71223,1,0,0:0:0:0:
448,192,71697,128,0,72487:0:0:0:0:
192,192,71697,1,0,0:0:0:0:
64,192,72171,1,0,0:0:0:0:
192,192,72329,1,0,0:0:0:0:
320,192,72487,128,0,73118:0:0:0:0:
64,192,72487,128,0,73118:0:0:0:0:
192,192,73118,128,0,73434:0:0:0:0:
448,192,73118,128,0,73434:0:0:0:0:
320,192,73434,128,0,73750:0:0:0:0:
64,192,73434,128,0,73750:0:0:0:0:
192,192,73750,1,0,0:0:0:0:
448,192,73750,1,0,0:0:0:0:
64,192,74065,128,0,74381:0:0:0:0:
192,192,74065,1,0,0:0:0:0:
448,192,74381,1,0,0:0:0:0:
320,192,74539,1,0,0:0:0:0:
192,192,74697,1,0,0:0:0:0:
320,192,74855,1,0,0:0:0:0:
448,192,75013,128,0,75171:0:0:0:0:
320,192,75171,128,0,75329:0:0:0:0:
64,192,75329,128,0,75487:0:0:0:0:
192,192,75487,128,0,75802:0:0:0:0:
448,192,75802,128,0,75960:0:0:0:0:
320,192,75960,128,0,76118:0:0:0:0:
192,192,76118,128,0,76276:0:0:0:0:
64,192,76276,128,0,76592:0:0:0:0:
448,192,76276,1,0,0:0:0:0:
448,192,76592,1,0,0:0:0:0:
320,192,76750,128,0,77065:0:0:0:0:
192,192,76750,1,0,0:0:0:0:
192,192,77065,1,0,0:0:0:0:
320,192,77223,1,0,0:0:0:0:
448,192,77381,128,0,77697:0:0:0:0:
64,192,77381,1,0,0:0:0:0:
64,192,77697,128,0,77855:0:0:0:0:
192,192,77855,128,0,78013:0:0:0:0:
320,192,78013,128,0,78171:0:0:0:0:
448,192,78171,128,0,78487:0:0:0:0:
64,192,78171,1,0,0:0:0:0:
64,192,78487,1,0,0:0:0:0:
192,192,78644,1,0,0:0:0:0:
448,192,78802,1,0,0:0:0:0:
320,192,78802,1,0,0:0:0:0:
64,192,79118,128,0,79434:0:0:0:0:
192,192,79118,1,0,0:0:0:0:
448,192,79434,1,0,0:0:0:0:
320,192,79592,1,0,0:0:0:0:
192,192,79750,1,0,0:0:0:0:
320,192,79908,1,0,0:0:0:0:
64,192,80065,128,0,80223:0:0:0:0:
192,192,80223,128,0,80381:0:0:0:0:
448,192,80381,128,0,80539:0:0:0:0:
320,192,80539,128,0,80855:0:0:0:0:
64,192,80855,128,0,81013:0:0:0:0:
192,192,81013,128,0,81171:0:0:0:0:
320,192,81171,128,0,82276:0:0:0:0:
64,192,81329,1,0,0:0:0:0:
192,192,81802,1,0,0:0:0:0:
448,192,82276,1,0,0:0:0:0:
320,192,82434,1,0,0:0:0:0:
192,192,82592,1,0,0:0:0:0:
448,192,82750,128,0,83065:0:0:0:0:
320,192,82750,128,0,83065:0:0:0:0:
192,192,83065,128,0,83539:0:0:0:0:
64,192,83065,128,0,83539:0:0:0:0:
448,192,83855,1,0,0:0:0:0:
64,192,83855,1,0,0:0:0:0:
448,192,84171,1,0,0:0:0:0:
192,192,84329,1,0,0:0:0:0:
448,192,84487,1,0,0:0:0:0:
64,192,84644,1,0,0:0:0:0:
448,192,84802,1,0,0:0:0:0:
320,192,84960,1,0,0:0:0:0:
64,192,85118,1,0,0:0:0:0:
448,192,85118,1,0,0:0:0:0:
64,192,85434,1,0,0:0:0:0:
448,192,85592,1,0,0:0:0:0:
64,192,85750,1,0,0:0:0:0:
320,192,85908,1,0,0:0:0:0:
64,192,86065,1,0,0:0:0:0:
192,192,86223,1,0,0:0:0:0:
320,192,86381,1,0,0:0:0:0:
448,192,86381,1,0,0:0:0:0:
448,192,86697,1,0,0:0:0:0:
64,192,86855,1,0,0:0:0:0:
448,192,87013,1,0,0:0:0:0:
192,192,87171,1,0,0:0:0:0:
448,192,87329,1,0,0:0:0:0:
320,192,87487,1,0,0:0:0:0:
64,192,87644,1,0,0:0:0:0:
192,192,87644,1,0,0:0:0:0:
64,192,87960,1,0,0:0:0:0:
448,192,88118,1,0,0:0:0:0:
320,192,88276,1,0,0:0:0:0:
192,192,88276,1,0,0:0:0:0:
448,192,88592,1,0,0:0:0:0:
64,192,88750,1,0,0:0:0:0:
448,192,88908,1,0,0:0:0:0:
320,192,88908,1,0,0:0:0:0:
192,192,89065,1,0,0:0:0:0:
64,192,89223,1,0,0:0:0:0:
448,192,89381,128,0,89697:0:0:0:0:
64,192,89697,1,0,0:0:0:0:
320,192,89855,128,0,90171:0:0:0:0:
64,192,90329,1,0,0:0:0:0:
448,192,90487,1,0,0:0:0:0:
192,192,90644,128,0,90960:0:0:0:0:
320,192,90960,1,0,0:0:0:0:
448,192,91118,128,0,91434:0:0:0:0:
64,192,91434,128,0,92065:0:0:0:0:
320,192,91434,1,0,0:0:0:0:
320,192,91750,1,0,0:0:0:0:
192,192,92065,128,0,92697:0:0:0:0:
448,192,92065,1,0,0:0:0:0:
448,192,92381,1,0,0:0:0:0:
320,192,92697,1,0,0:0:0:0:
64,192,92697,1,0,0:0:0:0:
448,192,92855,1,0,0:0:0:0:
320,192,93013,1,0,0:0:0:0:
192,192,93171,1,0,0:0:0:0:
64,192,93329,1,0,0:0:0:0:
192,192,93487,1,0,0:0:0:0:
320,192,93644,1,0,0:0:0:0:
448,192,93802,1,0,0:0:0:0:
64,192,93960,1,0,0:0:0:0:
192,192,93960,1,0,0:0:0:0:
64,192,94276,1,0,0:0:0:0:
192,192,94276,1,0,0:0:0:0:
320,192,94434,1,0,0:0:0:0:
64,192,94592,1,0,0:0:0:0:
448,192,94750,1,0,0:0:0:0:
64,192,94908,1,0,0:0:0:0:
192,192,94908,1,0,0:0:0:0:
320,192,95065,1,0,0:0:0:0:
448,192,95223,1,0,0:0:0:0:
64,192,95223,1,0,0:0:0:0:
448,192,95539,1,0,0:0:0:0:
320,192,95539,1,0,0:0:0:0:
64,192,95697,1,0,0:0:0:0:
448,192,95855,1,0,0:0:0:0:
192,192,96013,1,0,0:0:0:0:
448,192,96171,1,0,0:0:0:0:
320,192,96171,1,0,0:0:0:0:
192,192,96329,1,0,0:0:0:0:
64,192,96487,1,0,0:0:0:0:
448,192,96487,1,0,0:0:0:0:
448,192,96802,128,0,97118:0:0:0:0:
64,192,96802,1,0,0:0:0:0:
320,192,97118,128,0,97434:0:0:0:0:
64,192,97118,1,0,0:0:0:0:
192,192,97434,128,0,97750:0:0:0:0:
64,192,97434,1,0,0:0:0:0:
448,192,97750,1,0,0:0:0:0:
64,192,97750,1,0,0:0:0:0:
320,192,97908,1,0,0:0:0:0:
192,192,98065,1,0,0:0:0:0:
64,192,98223,1,0,0:0:0:0:
448,192,98223,1,0,0:0:0:0:
320,192,98539,128,0,98855:0:0:0:0:
192,192,98539,128,0,98855:0:0:0:0:
448,192,98855,1,0,0:0:0:0:
64,192,99013,1,0,0:0:0:0:
192,192,99013,1,0,0:0:0:0:
320,192,99171,1,0,0:0:0:0:
448,192,99329,1,0,0:0:0:0:
64,192,99487,128,0,99802:0:0:0:0:
448,192,99802,1,0,0:0:0:0:
192,192,99960,128,0,100276:0:0:0:0:
448,192,100434,1,0,0:0:0:0:
64,192,100592,1,0,0:0:0:0:
320,192,100750,128,0,101065:0:0:0:0:
192,192,101065,1,0,0:0:0:0:
64,192,101223,128,0,101539:0:0:0:0:
448,192,101539,128,0,102171:0:0:0:0:
192,192,101539,1,0,0:0:0:0:
192,192,101855,1,0,0:0:0:0:
320,192,102171,128,0,102802:0:0:0:0:
64,192,102171,1,0,0:0:0:0:
64,192,102487,1,0,0:0:0:0:
192,192,102802,1,0,0:0:0:0:
448,192,102802,128,0,102960:0:0:0:0:
320,192,103118,128,0,103276:0:0:0:0:
64,192,103434,128,0,103592:0:0:0:0:
192,192,103750,128,0,103908:0:0:0:0:
448,192,104065,128,0,104855:0:0:0:0:
320,192,104855,1,0,0:0:0:0:
192,192,105013,1,0,0:0:0:0:
64,192,105171,1,0,0:0:0:0:
320,192,105329,128,0,105802:0:0:0:0:
64,192,105802,1,0,0:0:0:0:
192,192,105960,128,0,106276:0:0:0:0:
320,192,106276,128,0,106592:0:0:0:0:
64,192,106592,128,0,106908:0:0:0:0:
192,192,106908,128,0,107223:0:0:0:0:
448,192,107223,1,0,0:0:0:0:
320,192,107381,1,0,0:0:0:0:
192,192,107539,1,0,0:0:0:0:
320,192,107697,1,0,0:0:0:0:
448,192,107855,128,0,108329:0:0:0:0:
64,192,108329,1,0,0:0:0:0:
320,192,108487,128,0,108960:0:0:0:0:
64,192,108960,1,0,0:0:0:0:
448,192,108960,1,0,0:0:0:0:
320,192,109118,1,0,0:0:0:0:
192,192,109118,1,0,0:0:0:0:
64,192,109750,128,0,110381:0:0:0:0:
192,192,110381,128,0,110697:0:0:0:0:
320,192,110697,128,0,111013:0:0:0:0:
448,192,111013,128,0,111329:0:0:0:0:
64,192,111013,1,0,0:0:0:0:
64,192,111329,128,0,111487:0:0:0:0:
192,192,111329,1,0,0:0:0:0:
320,192,111487,128,0,112118:0:0:0:0:
448,192,111487,1,0,0:0:0:0:
192,192,111644,1,0,0:0:0:0:
64,192,112434,1,0,0:0:0:0:
448,192,112434,1,0,0:0:0:0:
192,192,112592,1,0,0:0:0:0:
320,192,112750,128,0,113065:0:0:0:0:
64,192,113065,1,0,0:0:0:0:
448,192,113065,128,0,113223:0:0:0:0:
320,192,113223,128,0,113381:0:0:0:0:
192,192,113381,128,0,113697:0:0:0:0:
64,192,113697,1,0,0:0:0:0:
192,192,113855,1,0,0:0:0:0:
320,192,114013,1,0,0:0:0:0:
448,192,114171,1,0,0:0:0:0:
64,192,114171,1,0,0:0:0:0:
192,192,114329,1,0,0:0:0:0:
448,192,114487,1,0,0:0:0:0:
320,192,114644,1,0,0:0:0:0:
448,192,114802,1,0,0:0:0:0:
64,192,114802,128,0,115118:0:0:0:0:
192,192,115118,128,0,115434:0:0:0:0:
448,192,115118,1,0,0:0:0:0:
64,192,115434,1,0,0:0:0:0:
448,192,115434,1,0,0:0:0:0:
320,192,115592,1,0,0:0:0:0:
64,192,115750,1,0,0:0:0:0:
192,192,115908,1,0,0:0:0:0:
64,192,116065,1,0,0:0:0:0:
448,192,116065,128,0,116381:0:0:0:0:
320,192,116381,128,0,116697:0:0:0:0:
64,192,116381,1,0,0:0:0:0:
64,192,116697,128,0,117013:0:0:0:0:
448,192,116697,1,0,0:0:0:0:
448,192,117013,1,0,0:0:0:0:
320,192,117171,128,0,117487:0:0:0:0:
192,192,117171,1,0,0:0:0:0:
192,192,117487,1,0,0:0:0:0:
448,192,117644,128,0,118434:0:0:0:0:
64,192,117644,1,0,0:0:0:0:
64,192,118118,1,0,0:0:0:0:
192,192,118276,1,0,0:0:0:0:
320,192,118434,1,0,0:0:0:0:
192,192,118592,1,0,0:0:0:0:
448,192,118592,1,0,0:0:0:0:
64,192,118750,1,0,0:0:0:0:
448,192,118908,1,0,0:0:0:0:
320,192,118908,1,0,0:0:0:0:
192,192,119065,1,0,0:0:0:0:
64,192,119223,1,0,0:0:0:0:
448,192,119223,1,0,0:0:0:0:
448,192,119381,1,0,0:0:0:0:
64,192,119381,1,0,0:0:0:0:
320,192,119697,1,0,0:0:0:0:
192,192,119697,1,0,0:0:0:0:
320,192,120013,1,0,0:0:0:0:
192,192,120013,1,0,0:0:0:0:
448,192,120329,1,0,0:0:0:0:
64,192,120329,1,0,0:0:0:0:
64,192,121118,1,0,0:0:0:0:
192,192,121276,1,0,0:0:0:0:
320,192,121434,1,0,0:0:0:0:
448,192,121592,1,0,0:0:0:0:
64,192,121750,1,0,0:0:0:0:
192,192,121750,1,0,0:0:0:0:
448,192,122065,1,0,0:0:0:0:
320,192,122065,1,0,0:0:0:0:
192,192,122223,128,0,122539:0:0:0:0:
64,192,122223,1,0,0:0:0:0:
448,192,122539,128,0,122855:0:0:0:0:
320,192,122539,1,0,0:0:0:0:
320,192,122855,128,0,123171:0:0:0:0:
192,192,122855,1,0,0:0:0:0:
64,192,123171,128,0,123487:0:0:0:0:
448,192,123171,1,0,0:0:0:0:
192,192,123487,128,0,123802:0:0:0:0:
448,192,123487,1,0,0:0:0:0:
320,192,123802,128,0,124118:0:0:0:0:
64,192,123802,1,0,0:0:0:0:
448,192,124118,1,0,0:0:0:0:
192,192,124118,1,0,0:0:0:0:
64,192,124276,128,0,124592:0:0:0:0:
320,192,124276,1,0,0:0:0:0:
320,192,124592,1,0,0:0:0:0:
448,192,124750,128,0,125065:0:0:0:0:
192,192,124750,1,0,0:0:0:0:
192,192,125065,1,0,0:0:0:0:
320,192,125381,128,0,125697:0:0:0:0:
192,192,125381,128,0,125697:0:0:0:0:
64,192,125697,1,0,0:0:0:0:
448,192,125697,1,0,0:0:0:0:
320,192,125855,1,0,0:0:0:0:
192,192,126013,1,0,0:0:0:0:
448,192,126171,1,0,0:0:0:0:
320,192,126329,1,0,0:0:0:0:
64,192,126487,1,0,0:0:0:0:
192,192,126487,1,0,0:0:0:0:
320,192,126644,1,0,0:0:0:0:
448,192,126802,128,0,127118:0:0:0:0:
192,192,126802,1,0,0:0:0:0:
192,192,127118,1,0,0:0:0:0:
320,192,127276,128,0,127592:0:0:0:0:
64,192,127276,1,0,0:0:0:0:
64,192,127592,1,0,0:0:0:0:
448,192,127750,1,0,0:0:0:0:
64,192,127908,128,0,128223:0:0:0:0:
192,192,127908,1,0,0:0:0:0:
320,192,128223,128,0,128381:0:0:0:0:
192,192,128381,128,0,128539:0:0:0:0:
64,192,128539,128,0,128855:0:0:0:0:
448,192,128539,1,0,0:0:0:0:
320,192,128855,1,0,0:0:0:0:
448,192,129013,128,0,129329:0:0:0:0:
192,192,129013,1,0,0:0:0:0:
192,192,129329,1,0,0:0:0:0:
64,192,129329,128,0,129644:0:0:0:0:
320,192,129487,1,0,0:0:0:0:
448,192,129644,1,0,0:0:0:0:
320,192,129802,128,0,130118:0:0:0:0:
192,192,129802,128,0,130118:0:0:0:0:
448,192,130118,1,0,0:0:0:0:
64,192,130276,1,0,0:0:0:0:
448,192,130434,128,0,131065:0:0:0:0:
320,192,130434,1,0,0:0:0:0:
64,192,130750,1,0,0:0:0:0:
192,192,130908,1,0,0:0:0:0:
320,192,131065,1,0,0:0:0:0:
64,192,131223,1,0,0:0:0:0:
192,192,131223,1,0,0:0:0:0:
448,192,131539,1,0,0:0:0:0:
320,192,131539,1,0,0:0:0:0:
64,192,131855,1,0,0:0:0:0:
448,192,131855,128,0,132171:0:0:0:0:
64,192,132171,1,0,0:0:0:0:
192,192,132171,1,0,0:0:0:0:
320,192,132329,128,0,132644:0:0:0:0:
448,192,132329,1,0,0:0:0:0:
64,192,132644,128,0,132960:0:0:0:0:
192,192,132644,1,0,0:0:0:0:
192,192,132960,128,0,133276:0:0:0:0:
320,192,132960,1,0,0:0:0:0:
448,192,133276,128,0,133592:0:0:0:0:
64,192,133276,1,0,0:0:0:0:
320,192,133592,128,0,133908:0:0:0:0:
64,192,133592,1,0,0:0:0:0:
192,192,133908,128,0,134223:0:0:0:0:
448,192,133908,1,0,0:0:0:0:
64,192,134223,1,0,0:0:0:0:
320,192,134223,1,0,0:0:0:0:
448,192,134381,128,0,134697:0:0:0:0:
192,192,134381,1,0,0:0:0:0:
192,192,134697,1,0,0:0:0:0:
64,192,134855,128,0,135171:0:0:0:0:
320,192,134855,1,0,0:0:0:0:
320,192,135171,1,0,0:0:0:0:
192,192,135487,128,0,135802:0:0:0:0:
320,192,135487,128,0,135802:0:0:0:0:
448,192,135802,1,0,0:0:0:0:
64,192,135802,1,0,0:0:0:0:
192,192,135960,1,0,0:0:0:0:
320,192,136118,1,0,0:0:0:0:
64,192,136276,1,0,0:0:0:0:
192,192,136434,1,0,0:0:0:0:
448,192,136592,1,0,0:0:0:0:
320,192,136592,1,0,0:0:0:0:
192,192,136750,1,0,0:0:0:0:
64,192,136908,128,0,137223:0:0:0:0:
320,192,136908,1,0,0:0:0:0:
320,192,137223,1,0,0:0:0:0:
192,192,137381,128,0,137697:0:0:0:0:
448,192,137381,1,0,0:0:0:0:
448,192,137697,1,0,0:0:0:0:
64,192,137855,1,0,0:0:0:0:
448,192,138013,128,0,138329:0:0:0:0:
320,192,138013,1,0,0:0:0:0:
192,192,138329,128,0,138487:0:0:0:0:
320,192,138487,128,0,138644:0:0:0:0:
448,192,138644,128,0,138960:0:0:0:0:
64,192,138644,1,0,0:0:0:0:
320,192,138960,1,0,0:0:0:0:
192,192,139118,1,0,0:0:0:0:
64,192,139276,1,0,0:0:0:0:
448,192,139276,128,0,139908:0:0:0:0:
192,192,139434,1,0,0:0:0:0:
64,192,139908,128,0,140697:0:0:0:0:
320,192,139908,1,0,0:0:0:0:
448,192,140381,1,0,0:0:0:0:
320,192,140539,1,0,0:0:0:0:
192,192,140697,128,0,141329:0:0:0:0:
448,192,140697,128,0,141329:0:0:0:0:
320,192,141329,128,0,141644:0:0:0:0:
64,192,141329,128,0,141644:0:0:0:0:
192,192,141644,128,0,141960:0:0:0:0:
448,192,141644,128,0,141960:0:0:0:0:
320,192,141960,1,0,0:0:0:0:
64,192,141960,1,0,0:0:0:0:
448,192,143065,1,0,0:0:0:0:
320,192,143223,128,0,143697:0:0:0:0:
64,192,143697,1,0,0:0:0:0:
192,192,143855,128,0,144329:0:0:0:0:
448,192,144329,1,0,0:0:0:0:
64,192,144487,128,0,144960:0:0:0:0:
320,192,144960,1,0,0:0:0:0:
448,192,145118,128,0,145592:0:0:0:0:
192,192,145592,1,0,0:0:0:0:
320,192,145750,128,0,146381:0:0:0:0:
192,192,146381,128,0,147013:0:0:0:0:
448,192,147013,128,0,147802:0:0:0:0:
64,192,147013,128,0,147802:0:0:0:0:
192,192,147960,1,0,0:0:0:0:
320,192,148118,1,0,0:0:0:0:
448,192,148276,128,0,148750:0:0:0:0:
192,192,149223,128,0,149539:0:0:0:0:
64,192,149539,128,0,150013:0:0:0:0:
448,192,150013,128,0,150487:0:0:0:0:
320,192,150487,128,0,150802:0:0:0:0:
64,192,150802,1,0,0:0:0:0:
192,192,150960,1,0,0:0:0:0:
320,192,150960,1,0,0:0:0:0:
448,192,151276,128,0,151750:0:0:0:0:
64,192,151276,128,0,151750:0:0:0:0:
192,192,151750,1,0,0:0:0:0:
320,192,151908,1,0,0:0:0:0:
448,192,152065,1,0,0:0:0:0:
64,192,152223,1,0,0:0:0:0:
448,192,152381,1,0,0:0:0:0:
64,192,152539,1,0,0:0:0:0:
448,192,152697,1,0,0:0:0:0:
192,192,152855,1,0,0:0:0:0:
448,192,153013,1,0,0:0:0:0:
192,192,153171,1,0,0:0:0:0:
64,192,153329,1,0,0:0:0:0:
448,192,153487,1,0,0:0:0:0:
64,192,153644,1,0,0:0:0:0:
448,192,153802,1,0,0:0:0:0:
64,192,153960,1,0,0:0:0:0:
320,192,154118,1,0,0:0:0:0:
64,192,154276,1,0,0:0:0:0:
320,192,154434,1,0,0:0:0:0:
192,192,154592,1,0,0:0:0:0:
320,192,154750,1,0,0:0:0:0:
192,192,154908,1,0,0:0:0:0:
320,192,155065,1,0,0:0:0:0:
192,192,155223,1,0,0:0:0:0:
448,192,155381,1,0,0:0:0:0:
192,192,155539,1,0,0:0:0:0:
448,192,155697,1,0,0:0:0:0:
320,192,155855,1,0,0:0:0:0:
192,192,156013,1,0,0:0:0:0:
320,192,156171,1,0,0:0:0:0:
192,192,156329,1,0,0:0:0:0:
320,192,156487,1,0,0:0:0:0:
64,192,156644,1,0,0:0:0:0:
320,192,156802,1,0,0:0:0:0:
64,192,156960,1,0,0:0:0:0:
448,192,157118,1,0,0:0:0:0:
320,192,157118,1,0,0:0:0:0:
192,192,157276,1,0,0:0:0:0:
64,192,157434,1,0,0:0:0:0:
320,192,157592,1,0,0:0:0:0:
64,192,157750,1,0,0:0:0:0:
192,192,157750,1,0,0:0:0:0:
320,192,157908,1,0,0:0:0:0:
448,192,158065,1,0,0:0:0:0:
192,192,158223,1,0,0:0:0:0:
64,192,158381,1,0,0:0:0:0:
448,192,158381,1,0,0:0:0:0:
320,192,158539,1,0,0:0:0:0:
192,192,158697,1,0,0:0:0:0:
320,192,158855,1,0,0:0:0:0:
64,192,159013,1,0,0:0:0:0:
448,192,159013,1,0,0:0:0:0:
192,192,159171,1,0,0:0:0:0:
320,192,159329,1,0,0:0:0:0:
192,192,159487,1,0,0:0:0:0:
64,192,159644,1,0,0:0:0:0:
448,192,159644,1,0,0:0:0:0:
64,192,159802,1,0,0:0:0:0:
448,192,159802,1,0,0:0:0:0:
192,192,160118,1,0,0:0:0:0:
320,192,160118,1,0,0:0:0:0:
192,192,160434,1,0,0:0:0:0:
320,192,160434,1,0,0:0:0:0:
64,192,160750,1,0,0:0:0:0:
448,192,160750,1,0,0:0:0:0:
448,192,161539,1,0,0:0:0:0:
320,192,161697,1,0,0:0:0:0:
64,192,161855,1,0,0:0:0:0:
192,192,162013,1,0,0:0:0:0:
448,192,162171,1,0,0:0:0:0:
320,192,162487,1,0,0:0:0:0:
448,192,162644,1,0,0:0:0:0:
192,192,162960,1,0,0:0:0:0:
64,192,163276,128,0,163592:0:0:0:0:
448,192,163592,128,0,163908:0:0:0:0:
320,192,163908,128,0,164223:0:0:0:0:
192,192,164223,128,0,164539:0:0:0:0:
320,192,164539,1,0,0:0:0:0:
64,192,165013,1,0,0:0:0:0:
448,192,165171,128,0,165487:0:0:0:0:
320,192,165487,128,0,165802:0:0:0:0:
64,192,165802,128,0,166118:0:0:0:0:
192,192,165802,1,0,0:0:0:0:
320,192,166118,1,0,0:0:0:0:
192,192,166276,1,0,0:0:0:0:
448,192,166434,1,0,0:0:0:0:
320,192,166434,1,0,0:0:0:0:
192,192,166908,1,0,0:0:0:0:
320,192,167065,1,0,0:0:0:0:
448,192,167223,1,0,0:0:0:0:
64,192,167223,1,0,0:0:0:0:
448,192,167539,1,0,0:0:0:0:
64,192,167539,1,0,0:0:0:0:
192,192,167697,1,0,0:0:0:0:
448,192,167855,1,0,0:0:0:0:
192,192,168013,1,0,0:0:0:0:
448,192,168171,1,0,0:0:0:0:
320,192,168329,1,0,0:0:0:0:
64,192,168487,1,0,0:0:0:0:
448,192,168644,1,0,0:0:0:0:
64,192,168802,1,0,0:0:0:0:
320,192,168802,1,0,0:0:0:0:
448,192,168960,1,0,0:0:0:0:
64,192,169118,1,0,0:0:0:0:
192,192,169434,1,0,0:0:0:0:
64,192,169434,128,0,169750:0:0:0:0:
320,192,169750,1,0,0:0:0:0:
448,192,169750,128,0,170065:0:0:0:0:
192,192,169908,1,0,0:0:0:0:
64,192,170065,1,0,0:0:0:0:
192,192,170223,128,0,170539:0:0:0:0:
320,192,170223,128,0,170539:0:0:0:0:
64,192,170539,1,0,0:0:0:0:
448,192,170697,1,0,0:0:0:0:
64,192,170855,128,0,171487:0:0:0:0:
192,192,170855,1,0,0:0:0:0:
448,192,171171,1,0,0:0:0:0:
320,192,171329,1,0,0:0:0:0:
192,192,171487,1,0,0:0:0:0:
448,192,171644,1,0,0:0:0:0:
320,192,171644,1,0,0:0:0:0:
64,192,171960,1,0,0:0:0:0:
192,192,171960,1,0,0:0:0:0:
448,192,172276,1,0,0:0:0:0:
64,192,172276,128,0,172592:0:0:0:0:
448,192,172592,1,0,0:0:0:0:
320,192,172592,1,0,0:0:0:0:
192,192,172750,128,0,173065:0:0:0:0:
64,192,172750,1,0,0:0:0:0:
448,192,173065,128,0,173381:0:0:0:0:
320,192,173065,1,0,0:0:0:0:
320,192,173381,128,0,173697:0:0:0:0:
192,192,173381,1,0,0:0:0:0:
64,192,173697,128,0,174013:0:0:0:0:
448,192,173697,1,0,0:0:0:0:
192,192,174013,128,0,174329:0:0:0:0:
448,192,174013,1,0,0:0:0:0:
320,192,174329,128,0,174644:0:0:0:0:
64,192,174329,1,0,0:0:0:0:
448,192,174644,1,0,0:0:0:0:
192,192,174644,1,0,0:0:0:0:
64,192,174802,128,0,175118:0:0:0:0:
320,192,174802,1,0,0:0:0:0:
320,192,175118,1,0,0:0:0:0:
448,192,175276,128,0,175592:0:0:0:0:
192,192,175276,1,0,0:0:0:0:
192,192,175592,1,0,0:0:0:0:
320,192,175908,128,0,176223:0:0:0:0:
192,192,175908,128,0,176223:0:0:0:0:
64,192,176223,1,0,0:0:0:0:
448,192,176223,1,0,0:0:0:0:
320,192,176381,1,0,0:0:0:0:
192,192,176539,1,0,0:0:0:0:
448,192,176697,1,0,0:0:0:0:
320,192,176855,1,0,0:0:0:0:
64,192,177013,1,0,0:0:0:0:
192,192,177013,1,0,0:0:0:0:
320,192,177171,1,0,0:0:0:0:
448,192,177329,128,0,177644:0:0:0:0:
192,192,177329,1,0,0:0:0:0:
192,192,177644,1,0,0:0:0:0:
320,192,177802,128,0,178118:0:0:0:0:
64,192,177802,1,0,0:0:0:0:
64,192,178118,1,0,0:0:0:0:
448,192,178276,1,0,0:0:0:0:
64,192,178434,128,0,178750:0:0:0:0:
192,192,178434,1,0,0:0:0:0:
320,192,178750,128,0,178908:0:0:0:0:
192,192,178908,128,0,179065:0:0:0:0:
64,192,179065,128,0,179381:0:0:0:0:
448,192,179065,1,0,0:0:0:0:
192,192,179381,1,0,0:0:0:0:
320,192,179539,1,0,0:0:0:0:
448,192,179697,1,0,0:0:0:0:
64,192,179697,128,0,180329:0:0:0:0:
320,192,179855,1,0,0:0:0:0:
448,192,180329,128,0,181118:0:0:0:0:
192,192,180329,1,0,0:0:0:0:
64,192,180802,1,0,0:0:0:0:
192,192,180960,1,0,0:0:0:0:
320,192,181118,128,0,181750:0:0:0:0:
64,192,181118,128,0,181750:0:0:0:0:
192,192,181750,128,0,182065:0:0:0:0:
448,192,181750,128,0,182065:0:0:0:0:
320,192,182065,128,0,182381:0:0:0:0:
64,192,182065,128,0,182381:0:0:0:0:
192,192,182381,1,0,0:0:0:0:
448,192,182381,1,0,0:0:0:0:
320,192,182539,1,0,0:0:0:0:
192,192,182697,1,0,0:0:0:0:
64,192,182855,1,0,0:0:0:0:
448,192,183013,1,0,0:0:0:0:
320,192,183171,1,0,0:0:0:0:
448,192,183329,128,0,183644:0:0:0:0:
64,192,183329,128,0,183644:0:0:0:0:
192,192,183644,1,0,0:0:0:0:
320,192,183644,1,0,0:0:0:0:
448,192,183960,128,0,184276:0:0:0:0:
320,192,183960,1,0,0:0:0:0:
64,192,184276,1,0,0:0:0:0:
192,192,184434,1,0,0:0:0:0:
320,192,184592,1,0,0:0:0:0:
192,192,184750,1,0,0:0:0:0:
64,192,184908,128,0,185065:0:0:0:0:
192,192,185065,128,0,185223:0:0:0:0:
448,192,185223,128,0,185381:0:0:0:0:
320,192,185381,128,0,185697:0:0:0:0:
64,192,185697,128,0,185855:0:0:0:0:
192,192,185855,128,0,186013:0:0:0:0:
320,192,186013,128,0,186171:0:0:0:0:
448,192,186171,128,0,186487:0:0:0:0:
64,192,186171,1,0,0:0:0:0:
64,192,186487,1,0,0:0:0:0:
192,192,186644,128,0,186960:0:0:0:0:
320,192,186644,1,0,0:0:0:0:
320,192,186960,1,0,0:0:0:0:
64,192,187276,128,0,187592:0:0:0:0:
448,192,187276,1,0,0:0:0:0:
448,192,187592,128,0,187750:0:0:0:0:
320,192,187750,128,0,187908:0:0:0:0:
192,192,187908,128,0,188065:0:0:0:0:
64,192,188065,128,0,188381:0:0:0:0:
448,192,188065,1,0,0:0:0:0:
448,192,188381,1,0,0:0:0:0:
320,192,188539,1,0,0:0:0:0:
64,192,188697,1,0,0:0:0:0:
192,192,188697,1,0,0:0:0:0:
448,192,189013,128,0,189329:0:0:0:0:
320,192,189013,1,0,0:0:0:0:
64,192,189329,1,0,0:0:0:0:
192,192,189487,1,0,0:0:0:0:
320,192,189644,1,0,0:0:0:0:
192,192,189802,1,0,0:0:0:0:
448,192,189960,128,0,190118:0:0:0:0:
320,192,190118,128,0,190276:0:0:0:0:
64,192,190276,128,0,190434:0:0:0:0:
192,192,190434,128,0,190750:0:0:0:0:
448,192,190750,128,0,190908:0:0:0:0:
320,192,190908,128,0,191065:0:0:0:0:
192,192,191065,128,0,192171:0:0:0:0:
448,192,191855,1,0,0:0:0:0:
64,192,192171,128,0,192487:0:0:0:0:
448,192,192487,1,0,0:0:0:0:
320,192,192487,1,0,0:0:0:0:
320,192,192644,1,0,0:0:0:0:
448,192,192644,1,0,0:0:0:0:
320,192,192960,1,0,0:0:0:0:
448,192,192960,1,0,0:0:0:0:
64,192,193434,1,0,0:0:0:0:
192,192,193434,1,0,0:0:0:0:
64,192,193592,1,0,0:0:0:0:
192,192,193592,1,0,0:0:0:0:
64,192,193908,1,0,0:0:0:0:
192,192,193908,1,0,0:0:0:0:
192,192,194381,1,0,0:0:0:0:
320,192,194381,1,0,0:0:0:0:
192,192,194539,1,0,0:0:0:0:
320,192,194539,1,0,0:0:0:0:
64,192,194855,128,0,202118:0:0:0:0:
448,192,194855,128,0,202118:0:0:0:0:
