osu file format v14

[General]
AudioFilename: audio.mp3
AudioLeadIn: 0
PreviewTime: 17295
Countdown: 0
SampleSet: Normal
StackLeniency: 0.7
Mode: 3
LetterboxInBreaks: 0
SpecialStyle: 0
WidescreenStoryboard: 0

[Editor]
Bookmarks: 9727,18376,27024,35673,39997,52970,57295,65808,78916,87565,96214,104862,113511
DistanceSpacing: 1
BeatDivisor: 4
GridSize: 32
TimelineZoom: 2.7

[Metadata]
Title:Pixel Planet
TitleUnicode:Pixel Planet
Artist:Lime
ArtistUnicode:Lime
Creator:Wishtynite
Version:Expert
Source:osu! World Cup 2023
Tags:owc owc2023 osu! original fa featured artist electronic instrumental happy hardcore kankitsu kanki2
BeatmapID:5218786
BeatmapSetID:2382059

[Difficulty]
HPDrainRate:8.2
CircleSize:4
OverallDifficulty:8.2
ApproachRate:5
SliderMultiplier:1.4
SliderTickRate:1

[Events]
//Background and Video events
0,0,"background.jpg",0,0
//Break Periods
2,79116,84203
//Storyboard Layer 0 (Background)
//Storyboard Layer 1 (Fail)
//Storyboard Layer 2 (Pass)
//Storyboard Layer 3 (Foreground)
//Storyboard Layer 4 (Overlay)
//Storyboard Sound Samples

[TimingPoints]
1079,270.27027027027,4,1,1,50,1,0
16214,-100,4,1,1,50,0,1
18106,-100,4,1,1,50,0,0
18376,-100,4,1,1,50,0,1
25943,-100,4,1,1,50,0,0
27024,-100,4,1,1,50,0,1
34457,-100,4,1,1,50,0,0
37835,-100,4,1,1,50,0,1
39727,-100,4,1,1,50,0,0
76754,-100,4,1,1,50,0,1
78646,-100,4,1,1,50,0,0
87835,-100,4,1,1,50,0,1
94997,-100,4,1,1,50,0,0
96214,-100,4,1,1,50,0,1
103781,-100,4,1,1,50,0,0
109187,-100,4,1,1,50,0,1
112430,-100,4,1,1,50,0,0
115673,-100,4,1,1,50,0,1
117565,-100,4,1,1,50,0,0


[HitObjects]
64,192,1079,5,0,0:0:0:0:
448,192,1079,1,0,0:0:0:0:
192,192,1079,1,0,0:0:0:0:
320,192,1079,1,0,0:0:0:0:
192,192,1484,1,0,0:0:0:0:
64,192,1484,1,0,0:0:0:0:
448,192,2160,1,0,0:0:0:0:
320,192,2160,1,0,0:0:0:0:
320,192,2565,1,0,0:0:0:0:
448,192,2565,1,0,0:0:0:0:
64,192,2835,1,0,0:0:0:0:
320,192,2835,1,0,0:0:0:0:
320,192,2970,1,0,0:0:0:0:
192,192,2970,1,0,0:0:0:0:
192,192,3106,1,0,0:0:0:0:
448,192,3106,1,0,0:0:0:0:
64,192,3241,1,0,0:0:0:0:
320,192,3241,1,0,0:0:0:0:
448,192,3241,1,0,0:0:0:0:
192,192,3241,1,0,0:0:0:0:
448,192,3646,1,0,0:0:0:0:
320,192,3646,1,0,0:0:0:0:
192,192,4322,1,0,0:0:0:0:
64,192,4322,1,0,0:0:0:0:
320,192,4457,1,0,0:0:0:0:
320,192,4592,1,0,0:0:0:0:
448,192,4660,1,0,0:0:0:0:
192,192,4727,1,0,0:0:0:0:
64,192,4727,1,0,0:0:0:0:
320,192,4795,1,0,0:0:0:0:
64,192,4862,1,0,0:0:0:0:
192,192,4930,1,0,0:0:0:0:
448,192,5065,1,0,0:0:0:0:
64,192,5133,1,0,0:0:0:0:
448,192,5200,1,0,0:0:0:0:
192,192,5268,1,0,0:0:0:0:
320,192,5335,1,0,0:0:0:0:
64,192,5403,1,0,0:0:0:0:
192,192,5403,1,0,0:0:0:0:
448,192,5403,1,0,0:0:0:0:
320,192,5470,1,0,0:0:0:0:
448,192,5538,1,0,0:0:0:0:
192,192,5606,1,0,0:0:0:0:
320,192,5673,1,0,0:0:0:0:
64,192,5741,1,0,0:0:0:0:
192,192,5808,1,0,0:0:0:0:
448,192,5808,1,0,0:0:0:0:
64,192,5876,1,0,0:0:0:0:
320,192,5943,1,0,0:0:0:0:
192,192,6011,1,0,0:0:0:0:
448,192,6078,1,0,0:0:0:0:
320,192,6146,1,0,0:0:0:0:
448,192,6214,1,0,0:0:0:0:
192,192,6281,1,0,0:0:0:0:
320,192,6349,1,0,0:0:0:0:
64,192,6416,1,0,0:0:0:0:
320,192,6484,1,0,0:0:0:0:
448,192,6484,1,0,0:0:0:0:
64,192,6551,1,0,0:0:0:0:
192,192,6619,1,0,0:0:0:0:
320,192,6687,1,0,0:0:0:0:
192,192,6754,1,0,0:0:0:0:
448,192,6822,1,0,0:0:0:0:
320,192,6889,1,0,0:0:0:0:
64,192,6889,1,0,0:0:0:0:
448,192,6957,1,0,0:0:0:0:
192,192,7024,1,0,0:0:0:0:
320,192,7092,1,0,0:0:0:0:
64,192,7160,1,0,0:0:0:0:
192,192,7227,1,0,0:0:0:0:
448,192,7295,1,0,0:0:0:0:
64,192,7295,1,0,0:0:0:0:
448,192,7430,1,0,0:0:0:0:
320,192,7430,1,0,0:0:0:0:
448,192,7565,1,0,0:0:0:0:
64,192,7565,1,0,0:0:0:0:
192,192,7565,1,0,0:0:0:0:
320,192,7565,1,0,0:0:0:0:
320,192,7970,1,0,0:0:0:0:
448,192,7970,1,0,0:0:0:0:
192,192,8376,1,0,0:0:0:0:
64,192,8443,1,0,0:0:0:0:
320,192,8511,1,0,0:0:0:0:
192,192,8578,1,0,0:0:0:0:
64,192,8646,1,0,0:0:0:0:
320,192,8646,1,0,0:0:0:0:
448,192,8646,1,0,0:0:0:0:
64,192,9322,1,0,0:0:0:0:
448,192,9322,1,0,0:0:0:0:
320,192,9322,1,0,0:0:0:0:
192,192,9389,1,0,0:0:0:0:
64,192,9457,1,0,0:0:0:0:
192,192,9524,1,0,0:0:0:0:
320,192,9592,1,0,0:0:0:0:
448,192,9592,1,0,0:0:0:0:
64,192,9727,1,0,0:0:0:0:
448,192,9727,1,0,0:0:0:0:
192,192,9727,1,0,0:0:0:0:
320,192,9795,1,0,0:0:0:0:
448,192,9862,1,0,0:0:0:0:
192,192,9930,1,0,0:0:0:0:
320,192,9997,1,0,0:0:0:0:
320,192,10133,1,0,0:0:0:0:
448,192,10133,1,0,0:0:0:0:
192,192,10133,1,0,0:0:0:0:
64,192,10200,1,0,0:0:0:0:
192,192,10268,1,0,0:0:0:0:
320,192,10335,1,0,0:0:0:0:
64,192,10403,1,0,0:0:0:0:
320,192,10538,1,0,0:0:0:0:
192,192,10538,1,0,0:0:0:0:
64,192,10538,1,0,0:0:0:0:
448,192,10606,1,0,0:0:0:0:
320,192,10673,1,0,0:0:0:0:
192,192,10741,1,0,0:0:0:0:
448,192,10808,1,0,0:0:0:0:
64,192,10808,1,0,0:0:0:0:
320,192,10876,1,0,0:0:0:0:
448,192,10943,1,0,0:0:0:0:
320,192,11011,1,0,0:0:0:0:
192,192,11078,1,0,0:0:0:0:
64,192,11146,1,0,0:0:0:0:
192,192,11214,1,0,0:0:0:0:
64,192,11281,1,0,0:0:0:0:
448,192,11349,1,0,0:0:0:0:
320,192,11416,1,0,0:0:0:0:
192,192,11484,1,0,0:0:0:0:
64,192,11484,1,0,0:0:0:0:
64,192,11619,1,0,0:0:0:0:
320,192,11619,1,0,0:0:0:0:
192,192,11754,1,0,0:0:0:0:
448,192,11754,1,0,0:0:0:0:
448,192,11889,1,0,0:0:0:0:
64,192,11889,1,0,0:0:0:0:
320,192,11889,1,0,0:0:0:0:
192,192,11957,1,0,0:0:0:0:
64,192,12024,1,0,0:0:0:0:
320,192,12092,1,0,0:0:0:0:
192,192,12160,1,0,0:0:0:0:
320,192,12295,1,0,0:0:0:0:
192,192,12295,1,0,0:0:0:0:
64,192,12295,1,0,0:0:0:0:
448,192,12362,1,0,0:0:0:0:
320,192,12430,1,0,0:0:0:0:
192,192,12497,1,0,0:0:0:0:
448,192,12565,1,0,0:0:0:0:
192,192,12700,1,0,0:0:0:0:
320,192,12700,1,0,0:0:0:0:
448,192,12700,1,0,0:0:0:0:
64,192,12768,1,0,0:0:0:0:
192,192,12835,1,0,0:0:0:0:
320,192,12903,1,0,0:0:0:0:
448,192,12970,1,0,0:0:0:0:
64,192,12970,1,0,0:0:0:0:
192,192,13038,1,0,0:0:0:0:
64,192,13106,1,0,0:0:0:0:
192,192,13173,1,0,0:0:0:0:
320,192,13241,1,0,0:0:0:0:
448,192,13308,1,0,0:0:0:0:
320,192,13376,1,0,0:0:0:0:
64,192,13376,1,0,0:0:0:0:
448,192,13443,1,0,0:0:0:0:
192,192,13511,1,0,0:0:0:0:
64,192,13511,1,0,0:0:0:0:
192,192,13646,1,0,0:0:0:0:
320,192,13646,1,0,0:0:0:0:
320,192,13781,1,0,0:0:0:0:
64,192,13781,1,0,0:0:0:0:
192,192,13916,1,0,0:0:0:0:
448,192,13916,1,0,0:0:0:0:
320,192,14051,1,0,0:0:0:0:
448,192,14051,1,0,0:0:0:0:
64,192,14051,1,0,0:0:0:0:
192,192,14051,1,0,0:0:0:0:
320,192,14187,1,0,0:0:0:0:
192,192,14322,1,0,0:0:0:0:
64,192,14322,1,0,0:0:0:0:
192,192,14457,1,0,0:0:0:0:
320,192,14592,1,0,0:0:0:0:
448,192,14592,1,0,0:0:0:0:
320,192,14727,1,0,0:0:0:0:
192,192,14862,1,0,0:0:0:0:
64,192,14862,1,0,0:0:0:0:
192,192,14997,1,0,0:0:0:0:
448,192,15133,1,0,0:0:0:0:
64,192,15133,1,0,0:0:0:0:
448,192,15268,1,0,0:0:0:0:
320,192,15268,1,0,0:0:0:0:
64,192,15403,1,0,0:0:0:0:
192,192,15403,1,0,0:0:0:0:
64,192,15538,1,0,0:0:0:0:
320,192,15538,1,0,0:0:0:0:
448,192,15673,1,0,0:0:0:0:
192,192,15673,1,0,0:0:0:0:
448,192,15808,1,0,0:0:0:0:
64,192,15808,1,0,0:0:0:0:
320,192,15943,1,0,0:0:0:0:
192,192,15943,1,0,0:0:0:0:
192,192,16078,1,0,0:0:0:0:
64,192,16078,1,0,0:0:0:0:
448,192,16214,1,0,0:0:0:0:
320,192,16214,1,0,0:0:0:0:
64,192,16281,1,0,0:0:0:0:
448,192,16349,1,0,0:0:0:0:
320,192,16349,1,0,0:0:0:0:
64,192,16416,1,0,0:0:0:0:
192,192,16484,1,0,0:0:0:0:
448,192,16484,1,0,0:0:0:0:
320,192,16551,1,0,0:0:0:0:
192,192,16619,1,0,0:0:0:0:
448,192,16619,1,0,0:0:0:0:
320,192,16687,1,0,0:0:0:0:
192,192,16754,1,0,0:0:0:0:
64,192,16754,1,0,0:0:0:0:
448,192,16822,1,0,0:0:0:0:
64,192,16889,1,0,0:0:0:0:
192,192,16889,1,0,0:0:0:0:
448,192,16957,1,0,0:0:0:0:
64,192,17024,1,0,0:0:0:0:
320,192,17024,1,0,0:0:0:0:
192,192,17092,1,0,0:0:0:0:
320,192,17160,1,0,0:0:0:0:
64,192,17160,1,0,0:0:0:0:
192,192,17227,1,0,0:0:0:0:
448,192,17295,5,0,0:0:0:0:
320,192,17362,1,0,0:0:0:0:
192,192,17430,1,0,0:0:0:0:
320,192,17497,1,0,0:0:0:0:
448,192,17565,1,0,0:0:0:0:
64,192,17633,1,0,0:0:0:0:
192,192,17700,1,0,0:0:0:0:
64,192,17768,1,0,0:0:0:0:
448,192,17835,1,0,0:0:0:0:
320,192,17903,1,0,0:0:0:0:
192,192,17970,1,0,0:0:0:0:
320,192,18038,1,0,0:0:0:0:
448,192,18106,1,0,0:0:0:0:
64,192,18106,1,0,0:0:0:0:
192,192,18106,1,0,0:0:0:0:
448,192,18376,1,0,0:0:0:0:
320,192,18376,1,0,0:0:0:0:
64,192,18376,1,0,0:0:0:0:
192,192,18443,1,0,0:0:0:0:
320,192,18511,1,0,0:0:0:0:
448,192,18578,1,0,0:0:0:0:
192,192,18646,1,0,0:0:0:0:
64,192,18646,1,0,0:0:0:0:
320,192,18714,1,0,0:0:0:0:
448,192,18714,1,0,0:0:0:0:
192,192,18781,1,0,0:0:0:0:
64,192,18781,1,0,0:0:0:0:
320,192,18849,1,0,0:0:0:0:
448,192,18916,1,0,0:0:0:0:
64,192,18916,1,0,0:0:0:0:
192,192,18984,1,0,0:0:0:0:
320,192,19051,1,0,0:0:0:0:
192,192,19119,1,0,0:0:0:0:
448,192,19187,1,0,0:0:0:0:
64,192,19187,1,0,0:0:0:0:
320,192,19254,1,0,0:0:0:0:
192,192,19322,1,0,0:0:0:0:
448,192,19389,1,0,0:0:0:0:
192,192,19457,1,0,0:0:0:0:
64,192,19457,1,0,0:0:0:0:
320,192,19457,1,0,0:0:0:0:
448,192,19524,1,0,0:0:0:0:
64,192,19592,1,0,0:0:0:0:
320,192,19660,1,0,0:0:0:0:
64,192,19727,1,0,0:0:0:0:
192,192,19727,1,0,0:0:0:0:
448,192,19795,1,0,0:0:0:0:
192,192,19862,1,0,0:0:0:0:
320,192,19930,1,0,0:0:0:0:
448,192,19997,1,0,0:0:0:0:
64,192,19997,1,0,0:0:0:0:
320,192,20065,1,0,0:0:0:0:
192,192,20133,1,0,0:0:0:0:
448,192,20200,1,0,0:0:0:0:
64,192,20268,1,0,0:0:0:0:
192,192,20268,1,0,0:0:0:0:
448,192,20335,1,0,0:0:0:0:
192,192,20403,1,0,0:0:0:0:
320,192,20403,1,0,0:0:0:0:
64,192,20470,1,0,0:0:0:0:
448,192,20538,1,0,0:0:0:0:
320,192,20538,1,0,0:0:0:0:
192,192,20538,1,0,0:0:0:0:
64,192,20606,1,0,0:0:0:0:
448,192,20673,1,0,0:0:0:0:
320,192,20673,1,0,0:0:0:0:
192,192,20741,1,0,0:0:0:0:
448,192,20808,1,0,0:0:0:0:
64,192,20808,1,0,0:0:0:0:
320,192,20876,1,0,0:0:0:0:
192,192,20943,1,0,0:0:0:0:
448,192,21011,1,0,0:0:0:0:
64,192,21078,1,0,0:0:0:0:
320,192,21078,1,0,0:0:0:0:
192,192,21146,1,0,0:0:0:0:
448,192,21214,1,0,0:0:0:0:
320,192,21214,1,0,0:0:0:0:
64,192,21281,1,0,0:0:0:0:
192,192,21281,1,0,0:0:0:0:
448,192,21349,1,0,0:0:0:0:
320,192,21349,1,0,0:0:0:0:
64,192,21416,1,0,0:0:0:0:
448,192,21484,1,0,0:0:0:0:
192,192,21484,1,0,0:0:0:0:
320,192,21551,1,0,0:0:0:0:
64,192,21619,1,0,0:0:0:0:
448,192,21619,1,0,0:0:0:0:
192,192,21619,1,0,0:0:0:0:
320,192,21687,1,0,0:0:0:0:
64,192,21754,1,0,0:0:0:0:
192,192,21754,1,0,0:0:0:0:
448,192,21822,1,0,0:0:0:0:
64,192,21889,1,0,0:0:0:0:
320,192,21889,1,0,0:0:0:0:
192,192,21957,1,0,0:0:0:0:
64,192,22024,1,0,0:0:0:0:
192,192,22092,1,0,0:0:0:0:
320,192,22160,1,0,0:0:0:0:
448,192,22160,1,0,0:0:0:0:
64,192,22227,1,0,0:0:0:0:
192,192,22295,1,0,0:0:0:0:
448,192,22295,1,0,0:0:0:0:
320,192,22362,1,0,0:0:0:0:
64,192,22430,1,0,0:0:0:0:
448,192,22430,1,0,0:0:0:0:
320,192,22497,1,0,0:0:0:0:
64,192,22565,1,0,0:0:0:0:
192,192,22565,1,0,0:0:0:0:
448,192,22633,1,0,0:0:0:0:
192,192,22700,1,0,0:0:0:0:
64,192,22700,1,0,0:0:0:0:
320,192,22700,1,0,0:0:0:0:
448,192,22768,1,0,0:0:0:0:
320,192,22835,1,0,0:0:0:0:
64,192,22903,1,0,0:0:0:0:
192,192,22970,1,0,0:0:0:0:
448,192,22970,1,0,0:0:0:0:
64,192,23038,1,0,0:0:0:0:
192,192,23106,1,0,0:0:0:0:
448,192,23173,1,0,0:0:0:0:
64,192,23241,1,0,0:0:0:0:
320,192,23241,1,0,0:0:0:0:
448,192,23308,1,0,0:0:0:0:
320,192,23376,1,0,0:0:0:0:
192,192,23376,1,0,0:0:0:0:
64,192,23443,1,0,0:0:0:0:
448,192,23511,1,0,0:0:0:0:
192,192,23511,1,0,0:0:0:0:
320,192,23578,1,0,0:0:0:0:
64,192,23646,1,0,0:0:0:0:
448,192,23646,1,0,0:0:0:0:
192,192,23714,1,0,0:0:0:0:
320,192,23781,1,0,0:0:0:0:
64,192,23781,1,0,0:0:0:0:
448,192,23781,1,0,0:0:0:0:
192,192,23849,1,0,0:0:0:0:
448,192,23916,1,0,0:0:0:0:
320,192,23916,1,0,0:0:0:0:
64,192,23984,1,0,0:0:0:0:
192,192,24051,1,0,0:0:0:0:
320,192,24051,1,0,0:0:0:0:
64,192,24119,1,0,0:0:0:0:
448,192,24187,1,0,0:0:0:0:
192,192,24187,1,0,0:0:0:0:
320,192,24254,1,0,0:0:0:0:
448,192,24322,1,0,0:0:0:0:
64,192,24322,1,0,0:0:0:0:
192,192,24389,1,0,0:0:0:0:
64,192,24457,1,0,0:0:0:0:
320,192,24457,1,0,0:0:0:0:
448,192,24524,1,0,0:0:0:0:
192,192,24592,1,0,0:0:0:0:
64,192,24592,1,0,0:0:0:0:
320,192,24660,1,0,0:0:0:0:
448,192,24660,1,0,0:0:0:0:
192,192,24727,1,0,0:0:0:0:
64,192,24727,1,0,0:0:0:0:
320,192,24795,1,0,0:0:0:0:
448,192,24862,1,0,0:0:0:0:
64,192,24862,1,0,0:0:0:0:
192,192,24862,1,0,0:0:0:0:
320,192,24930,1,0,0:0:0:0:
448,192,24997,1,0,0:0:0:0:
192,192,25065,1,0,0:0:0:0:
64,192,25065,1,0,0:0:0:0:
320,192,25133,1,0,0:0:0:0:
448,192,25133,1,0,0:0:0:0:
192,192,25200,1,0,0:0:0:0:
320,192,25268,1,0,0:0:0:0:
64,192,25268,1,0,0:0:0:0:
448,192,25335,1,0,0:0:0:0:
64,192,25403,1,0,0:0:0:0:
192,192,25403,1,0,0:0:0:0:
320,192,25470,1,0,0:0:0:0:
448,192,25470,1,0,0:0:0:0:
192,192,25538,1,0,0:0:0:0:
64,192,25606,1,0,0:0:0:0:
320,192,25673,1,0,0:0:0:0:
448,192,25673,1,0,0:0:0:0:
64,192,25741,1,0,0:0:0:0:
448,192,25808,1,0,0:0:0:0:
192,192,25808,1,0,0:0:0:0:
320,192,25876,1,0,0:0:0:0:
448,192,25943,1,0,0:0:0:0:
64,192,25943,1,0,0:0:0:0:
192,192,25943,1,0,0:0:0:0:
320,192,26078,1,0,0:0:0:0:
192,192,26078,1,0,0:0:0:0:
64,192,26214,1,0,0:0:0:0:
448,192,26214,1,0,0:0:0:0:
320,192,26214,1,0,0:0:0:0:
320,192,26349,1,0,0:0:0:0:
192,192,26349,1,0,0:0:0:0:
448,192,26416,1,0,0:0:0:0:
64,192,26416,1,0,0:0:0:0:
448,192,26551,1,0,0:0:0:0:
64,192,26551,1,0,0:0:0:0:
320,192,26619,1,0,0:0:0:0:
192,192,26619,1,0,0:0:0:0:
64,192,26754,1,0,0:0:0:0:
192,192,26754,1,0,0:0:0:0:
448,192,26754,1,0,0:0:0:0:
64,192,26889,1,0,0:0:0:0:
320,192,26889,1,0,0:0:0:0:
64,192,27024,1,0,0:0:0:0:
192,192,27024,1,0,0:0:0:0:
448,192,27024,1,0,0:0:0:0:
320,192,27092,1,0,0:0:0:0:
192,192,27160,1,0,0:0:0:0:
64,192,27227,1,0,0:0:0:0:
320,192,27295,1,0,0:0:0:0:
448,192,27295,1,0,0:0:0:0:
192,192,27362,1,0,0:0:0:0:
64,192,27362,1,0,0:0:0:0:
320,192,27430,1,0,0:0:0:0:
448,192,27430,1,0,0:0:0:0:
192,192,27497,1,0,0:0:0:0:
64,192,27565,1,0,0:0:0:0:
448,192,27565,1,0,0:0:0:0:
320,192,27633,1,0,0:0:0:0:
192,192,27700,1,0,0:0:0:0:
320,192,27768,1,0,0:0:0:0:
64,192,27835,1,0,0:0:0:0:
448,192,27835,1,0,0:0:0:0:
192,192,27903,1,0,0:0:0:0:
320,192,27970,1,0,0:0:0:0:
64,192,28038,1,0,0:0:0:0:
320,192,28106,1,0,0:0:0:0:
448,192,28106,1,0,0:0:0:0:
192,192,28106,1,0,0:0:0:0:
64,192,28173,1,0,0:0:0:0:
448,192,28241,1,0,0:0:0:0:
192,192,28308,1,0,0:0:0:0:
448,192,28376,1,0,0:0:0:0:
320,192,28376,1,0,0:0:0:0:
64,192,28443,1,0,0:0:0:0:
320,192,28511,1,0,0:0:0:0:
192,192,28578,1,0,0:0:0:0:
64,192,28646,1,0,0:0:0:0:
448,192,28646,1,0,0:0:0:0:
192,192,28714,1,0,0:0:0:0:
320,192,28781,1,0,0:0:0:0:
64,192,28849,1,0,0:0:0:0:
448,192,28916,1,0,0:0:0:0:
320,192,28916,1,0,0:0:0:0:
64,192,28984,1,0,0:0:0:0:
320,192,29051,1,0,0:0:0:0:
192,192,29051,1,0,0:0:0:0:
448,192,29119,1,0,0:0:0:0:
64,192,29187,1,0,0:0:0:0:
192,192,29187,1,0,0:0:0:0:
320,192,29187,1,0,0:0:0:0:
448,192,29254,1,0,0:0:0:0:
64,192,29322,1,0,0:0:0:0:
192,192,29322,1,0,0:0:0:0:
320,192,29389,1,0,0:0:0:0:
64,192,29457,1,0,0:0:0:0:
448,192,29457,1,0,0:0:0:0:
192,192,29524,1,0,0:0:0:0:
320,192,29592,1,0,0:0:0:0:
64,192,29660,1,0,0:0:0:0:
448,192,29727,1,0,0:0:0:0:
192,192,29727,1,0,0:0:0:0:
320,192,29795,1,0,0:0:0:0:
64,192,29862,1,0,0:0:0:0:
192,192,29862,1,0,0:0:0:0:
448,192,29930,1,0,0:0:0:0:
320,192,29930,1,0,0:0:0:0:
64,192,29997,1,0,0:0:0:0:
192,192,29997,1,0,0:0:0:0:
448,192,30065,1,0,0:0:0:0:
64,192,30133,1,0,0:0:0:0:
320,192,30133,1,0,0:0:0:0:
192,192,30200,1,0,0:0:0:0:
448,192,30268,1,0,0:0:0:0:
64,192,30268,1,0,0:0:0:0:
320,192,30268,1,0,0:0:0:0:
192,192,30335,1,0,0:0:0:0:
448,192,30403,1,0,0:0:0:0:
320,192,30403,1,0,0:0:0:0:
64,192,30470,1,0,0:0:0:0:
448,192,30538,1,0,0:0:0:0:
192,192,30538,1,0,0:0:0:0:
320,192,30606,1,0,0:0:0:0:
448,192,30673,1,0,0:0:0:0:
320,192,30741,1,0,0:0:0:0:
64,192,30808,1,0,0:0:0:0:
192,192,30808,1,0,0:0:0:0:
448,192,30876,1,0,0:0:0:0:
64,192,30943,1,0,0:0:0:0:
320,192,30943,1,0,0:0:0:0:
192,192,31011,1,0,0:0:0:0:
448,192,31078,1,0,0:0:0:0:
320,192,31078,1,0,0:0:0:0:
64,192,31146,1,0,0:0:0:0:
320,192,31214,1,0,0:0:0:0:
448,192,31214,1,0,0:0:0:0:
192,192,31214,1,0,0:0:0:0:
448,192,31349,1,0,0:0:0:0:
192,192,31484,1,0,0:0:0:0:
64,192,31484,1,0,0:0:0:0:
448,192,31551,1,0,0:0:0:0:
320,192,31619,1,0,0:0:0:0:
64,192,31619,1,0,0:0:0:0:
448,192,31687,1,0,0:0:0:0:
320,192,31754,1,0,0:0:0:0:
64,192,31822,1,0,0:0:0:0:
192,192,31889,1,0,0:0:0:0:
448,192,31889,1,0,0:0:0:0:
64,192,31957,1,0,0:0:0:0:
192,192,32024,1,0,0:0:0:0:
320,192,32024,1,0,0:0:0:0:
448,192,32092,1,0,0:0:0:0:
64,192,32160,1,0,0:0:0:0:
320,192,32160,1,0,0:0:0:0:
192,192,32227,1,0,0:0:0:0:
448,192,32295,1,0,0:0:0:0:
64,192,32295,1,0,0:0:0:0:
320,192,32362,1,0,0:0:0:0:
192,192,32430,1,0,0:0:0:0:
448,192,32430,1,0,0:0:0:0:
64,192,32430,1,0,0:0:0:0:
320,192,32497,1,0,0:0:0:0:
192,192,32565,1,0,0:0:0:0:
64,192,32565,1,0,0:0:0:0:
448,192,32633,1,0,0:0:0:0:
320,192,32700,1,0,0:0:0:0:
192,192,32700,1,0,0:0:0:0:
448,192,32768,1,0,0:0:0:0:
64,192,32835,1,0,0:0:0:0:
320,192,32835,1,0,0:0:0:0:
192,192,32903,1,0,0:0:0:0:
64,192,32970,1,0,0:0:0:0:
448,192,32970,1,0,0:0:0:0:
320,192,33038,1,0,0:0:0:0:
448,192,33106,1,0,0:0:0:0:
64,192,33106,1,0,0:0:0:0:
192,192,33173,1,0,0:0:0:0:
320,192,33241,1,0,0:0:0:0:
448,192,33241,1,0,0:0:0:0:
64,192,33308,1,0,0:0:0:0:
320,192,33376,1,0,0:0:0:0:
192,192,33376,1,0,0:0:0:0:
448,192,33443,1,0,0:0:0:0:
64,192,33511,1,0,0:0:0:0:
192,192,33511,1,0,0:0:0:0:
320,192,33511,1,0,0:0:0:0:
448,192,33578,1,0,0:0:0:0:
64,192,33646,1,0,0:0:0:0:
320,192,33714,1,0,0:0:0:0:
192,192,33781,1,0,0:0:0:0:
64,192,33781,1,0,0:0:0:0:
320,192,33916,1,0,0:0:0:0:
448,192,33916,1,0,0:0:0:0:
192,192,33916,1,0,0:0:0:0:
64,192,33984,1,0,0:0:0:0:
448,192,34051,1,0,0:0:0:0:
64,192,34119,1,0,0:0:0:0:
192,192,34187,1,0,0:0:0:0:
320,192,34187,1,0,0:0:0:0:
448,192,34322,1,0,0:0:0:0:
320,192,34322,1,0,0:0:0:0:
64,192,34322,1,0,0:0:0:0:
192,192,34457,1,0,0:0:0:0:
64,192,34457,1,0,0:0:0:0:
448,192,34457,1,0,0:0:0:0:
320,192,34592,1,0,0:0:0:0:
448,192,34592,1,0,0:0:0:0:
192,192,34727,1,0,0:0:0:0:
320,192,34727,1,0,0:0:0:0:
448,192,34862,1,0,0:0:0:0:
64,192,34862,1,0,0:0:0:0:
192,192,34862,1,0,0:0:0:0:
64,192,34997,1,0,0:0:0:0:
320,192,34997,1,0,0:0:0:0:
448,192,35065,1,0,0:0:0:0:
192,192,35065,1,0,0:0:0:0:
320,192,35133,1,0,0:0:0:0:
192,192,35200,1,0,0:0:0:0:
448,192,35268,1,0,0:0:0:0:
64,192,35268,1,0,0:0:0:0:
320,192,35335,1,0,0:0:0:0:
448,192,35403,1,0,0:0:0:0:
64,192,35403,1,0,0:0:0:0:
192,192,35403,1,0,0:0:0:0:
64,192,35538,1,0,0:0:0:0:
320,192,35538,1,0,0:0:0:0:
64,192,35673,1,0,0:0:0:0:
192,192,35673,1,0,0:0:0:0:
320,192,35673,1,0,0:0:0:0:
448,192,35673,1,0,0:0:0:0:
192,192,35808,1,0,0:0:0:0:
320,192,35943,1,0,0:0:0:0:
192,192,35943,1,0,0:0:0:0:
320,192,36078,1,0,0:0:0:0:
64,192,36214,1,0,0:0:0:0:
320,192,36214,1,0,0:0:0:0:
64,192,36349,1,0,0:0:0:0:
192,192,36349,1,0,0:0:0:0:
64,192,36484,1,0,0:0:0:0:
320,192,36484,1,0,0:0:0:0:
192,192,36619,1,0,0:0:0:0:
448,192,36619,1,0,0:0:0:0:
448,192,36754,1,0,0:0:0:0:
320,192,36754,1,0,0:0:0:0:
64,192,36754,1,0,0:0:0:0:
448,192,36889,1,0,0:0:0:0:
192,192,36889,1,0,0:0:0:0:
192,192,37024,1,0,0:0:0:0:
64,192,37024,1,0,0:0:0:0:
320,192,37024,1,0,0:0:0:0:
64,192,37160,1,0,0:0:0:0:
320,192,37160,1,0,0:0:0:0:
448,192,37295,1,0,0:0:0:0:
64,192,37295,1,0,0:0:0:0:
192,192,37295,1,0,0:0:0:0:
192,192,37430,1,0,0:0:0:0:
448,192,37430,1,0,0:0:0:0:
320,192,37565,1,0,0:0:0:0:
448,192,37565,1,0,0:0:0:0:
64,192,37565,1,0,0:0:0:0:
192,192,37700,1,0,0:0:0:0:
64,192,37700,1,0,0:0:0:0:
448,192,37835,1,0,0:0:0:0:
320,192,37835,1,0,0:0:0:0:
64,192,37903,1,0,0:0:0:0:
448,192,37970,1,0,0:0:0:0:
320,192,37970,1,0,0:0:0:0:
64,192,38038,1,0,0:0:0:0:
192,192,38106,1,0,0:0:0:0:
448,192,38106,1,0,0:0:0:0:
320,192,38173,1,0,0:0:0:0:
192,192,38241,1,0,0:0:0:0:
448,192,38241,1,0,0:0:0:0:
320,192,38308,1,0,0:0:0:0:
192,192,38376,1,0,0:0:0:0:
64,192,38376,1,0,0:0:0:0:
448,192,38443,1,0,0:0:0:0:
64,192,38511,1,0,0:0:0:0:
192,192,38511,1,0,0:0:0:0:
448,192,38578,1,0,0:0:0:0:
64,192,38646,1,0,0:0:0:0:
320,192,38646,1,0,0:0:0:0:
192,192,38714,1,0,0:0:0:0:
320,192,38781,1,0,0:0:0:0:
64,192,38781,1,0,0:0:0:0:
192,192,38849,1,0,0:0:0:0:
448,192,38916,1,0,0:0:0:0:
448,192,39187,1,0,0:0:0:0:
448,192,39457,1,0,0:0:0:0:
192,192,39592,1,0,0:0:0:0:
320,192,39660,1,0,0:0:0:0:
448,192,39727,1,0,0:0:0:0:
64,192,39727,1,0,0:0:0:0:
192,192,39727,1,0,0:0:0:0:
448,192,39997,1,0,0:0:0:0:
64,192,39997,1,0,0:0:0:0:
320,192,39997,1,0,0:0:0:0:
192,192,39997,1,0,0:0:0:0:
448,192,40268,1,0,0:0:0:0:
320,192,40268,1,0,0:0:0:0:
64,192,40268,1,0,0:0:0:0:
320,192,40403,1,0,0:0:0:0:
192,192,40403,1,0,0:0:0:0:
192,192,40538,1,0,0:0:0:0:
448,192,40538,1,0,0:0:0:0:
64,192,40538,1,0,0:0:0:0:
192,192,40673,1,0,0:0:0:0:
320,192,40673,1,0,0:0:0:0:
448,192,40808,1,0,0:0:0:0:
320,192,40808,1,0,0:0:0:0:
64,192,40808,1,0,0:0:0:0:
192,192,40876,1,0,0:0:0:0:
448,192,40943,1,0,0:0:0:0:
320,192,41011,1,0,0:0:0:0:
192,192,41078,1,0,0:0:0:0:
448,192,41078,1,0,0:0:0:0:
64,192,41078,1,0,0:0:0:0:
64,192,41214,1,0,0:0:0:0:
320,192,41214,1,0,0:0:0:0:
448,192,41349,1,0,0:0:0:0:
192,192,41349,1,0,0:0:0:0:
320,192,41349,1,0,0:0:0:0:
64,192,41484,1,0,0:0:0:0:
192,192,41551,1,0,0:0:0:0:
64,192,41619,1,0,0:0:0:0:
448,192,41619,1,0,0:0:0:0:
192,192,41687,1,0,0:0:0:0:
320,192,41754,1,0,0:0:0:0:
448,192,41754,1,0,0:0:0:0:
64,192,41889,1,0,0:0:0:0:
448,192,41889,1,0,0:0:0:0:
192,192,41889,1,0,0:0:0:0:
64,192,42024,1,0,0:0:0:0:
320,192,42024,1,0,0:0:0:0:
448,192,42160,1,0,0:0:0:0:
64,192,42160,1,0,0:0:0:0:
192,192,42160,1,0,0:0:0:0:
320,192,42160,1,0,0:0:0:0:
192,192,42430,1,0,0:0:0:0:
64,192,42430,1,0,0:0:0:0:
448,192,42430,1,0,0:0:0:0:
192,192,42565,1,0,0:0:0:0:
320,192,42565,1,0,0:0:0:0:
320,192,42700,1,0,0:0:0:0:
448,192,42700,1,0,0:0:0:0:
64,192,42700,1,0,0:0:0:0:
192,192,42835,1,0,0:0:0:0:
320,192,42835,1,0,0:0:0:0:
192,192,42970,1,0,0:0:0:0:
64,192,42970,1,0,0:0:0:0:
448,192,42970,1,0,0:0:0:0:
320,192,43038,1,0,0:0:0:0:
64,192,43106,1,0,0:0:0:0:
320,192,43173,1,0,0:0:0:0:
64,192,43241,1,0,0:0:0:0:
192,192,43241,1,0,0:0:0:0:
448,192,43241,1,0,0:0:0:0:
320,192,43376,1,0,0:0:0:0:
192,192,43443,1,0,0:0:0:0:
320,192,43511,1,0,0:0:0:0:
64,192,43511,1,0,0:0:0:0:
448,192,43646,1,0,0:0:0:0:
192,192,43646,1,0,0:0:0:0:
320,192,43646,1,0,0:0:0:0:
448,192,43781,1,0,0:0:0:0:
192,192,43781,1,0,0:0:0:0:
64,192,43916,1,0,0:0:0:0:
320,192,43916,1,0,0:0:0:0:
448,192,44051,1,0,0:0:0:0:
192,192,44051,1,0,0:0:0:0:
320,192,44051,1,0,0:0:0:0:
320,192,44322,1,0,0:0:0:0:
448,192,44322,1,0,0:0:0:0:
64,192,44322,1,0,0:0:0:0:
64,192,44457,1,0,0:0:0:0:
448,192,44457,1,0,0:0:0:0:
320,192,44457,1,0,0:0:0:0:
64,192,44592,1,0,0:0:0:0:
448,192,44592,1,0,0:0:0:0:
192,192,44592,1,0,0:0:0:0:
192,192,44727,1,0,0:0:0:0:
320,192,44727,1,0,0:0:0:0:
320,192,44862,1,0,0:0:0:0:
64,192,44862,1,0,0:0:0:0:
448,192,44862,1,0,0:0:0:0:
320,192,44997,1,0,0:0:0:0:
192,192,44997,1,0,0:0:0:0:
64,192,45133,1,0,0:0:0:0:
192,192,45133,1,0,0:0:0:0:
448,192,45133,1,0,0:0:0:0:
320,192,45200,1,0,0:0:0:0:
64,192,45268,1,0,0:0:0:0:
192,192,45335,1,0,0:0:0:0:
320,192,45403,1,0,0:0:0:0:
64,192,45403,1,0,0:0:0:0:
448,192,45403,1,0,0:0:0:0:
448,192,45538,1,0,0:0:0:0:
192,192,45538,1,0,0:0:0:0:
64,192,45673,1,0,0:0:0:0:
320,192,45673,1,0,0:0:0:0:
192,192,45673,1,0,0:0:0:0:
448,192,45808,1,0,0:0:0:0:
320,192,45876,1,0,0:0:0:0:
448,192,45943,1,0,0:0:0:0:
64,192,45943,1,0,0:0:0:0:
320,192,46011,1,0,0:0:0:0:
192,192,46078,1,0,0:0:0:0:
64,192,46078,1,0,0:0:0:0:
448,192,46214,1,0,0:0:0:0:
64,192,46214,1,0,0:0:0:0:
320,192,46214,1,0,0:0:0:0:
448,192,46349,1,0,0:0:0:0:
192,192,46349,1,0,0:0:0:0:
64,192,46484,1,0,0:0:0:0:
448,192,46484,1,0,0:0:0:0:
320,192,46484,1,0,0:0:0:0:
192,192,46484,1,0,0:0:0:0:
192,192,46754,1,0,0:0:0:0:
64,192,46822,1,0,0:0:0:0:
192,192,46889,1,0,0:0:0:0:
320,192,46957,1,0,0:0:0:0:
448,192,47024,1,0,0:0:0:0:
64,192,47024,1,0,0:0:0:0:
192,192,47024,1,0,0:0:0:0:
192,192,47160,1,0,0:0:0:0:
448,192,47227,1,0,0:0:0:0:
320,192,47227,1,0,0:0:0:0:
64,192,47227,1,0,0:0:0:0:
320,192,47362,1,0,0:0:0:0:
64,192,47430,1,0,0:0:0:0:
192,192,47430,1,0,0:0:0:0:
448,192,47430,1,0,0:0:0:0:
64,192,47565,1,0,0:0:0:0:
192,192,47633,1,0,0:0:0:0:
320,192,47633,1,0,0:0:0:0:
448,192,47633,1,0,0:0:0:0:
448,192,47768,1,0,0:0:0:0:
64,192,47835,1,0,0:0:0:0:
192,192,47835,1,0,0:0:0:0:
320,192,47835,1,0,0:0:0:0:
448,192,47903,1,0,0:0:0:0:
192,192,47970,1,0,0:0:0:0:
320,192,48038,1,0,0:0:0:0:
64,192,48106,1,0,0:0:0:0:
192,192,48106,1,0,0:0:0:0:
448,192,48106,1,0,0:0:0:0:
320,192,48173,1,0,0:0:0:0:
64,192,48241,1,0,0:0:0:0:
192,192,48308,1,0,0:0:0:0:
320,192,48376,1,0,0:0:0:0:
448,192,48376,1,0,0:0:0:0:
64,192,48376,1,0,0:0:0:0:
192,192,48443,1,0,0:0:0:0:
448,192,48511,1,0,0:0:0:0:
320,192,48578,1,0,0:0:0:0:
448,192,48646,1,0,0:0:0:0:
64,192,48646,1,0,0:0:0:0:
192,192,48714,1,0,0:0:0:0:
64,192,48781,1,0,0:0:0:0:
320,192,48849,1,0,0:0:0:0:
192,192,48916,1,0,0:0:0:0:
320,192,48984,1,0,0:0:0:0:
64,192,49051,1,0,0:0:0:0:
448,192,49119,1,0,0:0:0:0:
64,192,49187,1,0,0:0:0:0:
192,192,49187,1,0,0:0:0:0:
320,192,49187,1,0,0:0:0:0:
192,192,49322,1,0,0:0:0:0:
64,192,49389,1,0,0:0:0:0:
320,192,49457,1,0,0:0:0:0:
448,192,49457,1,0,0:0:0:0:
320,192,49592,1,0,0:0:0:0:
448,192,49660,1,0,0:0:0:0:
192,192,49727,1,0,0:0:0:0:
64,192,49727,1,0,0:0:0:0:
320,192,49862,1,0,0:0:0:0:
192,192,49930,1,0,0:0:0:0:
320,192,49997,1,0,0:0:0:0:
448,192,49997,1,0,0:0:0:0:
192,192,50133,1,0,0:0:0:0:
320,192,50200,1,0,0:0:0:0:
192,192,50268,1,0,0:0:0:0:
64,192,50268,1,0,0:0:0:0:
64,192,50403,1,0,0:0:0:0:
448,192,50403,1,0,0:0:0:0:
320,192,50470,1,0,0:0:0:0:
192,192,50538,1,0,0:0:0:0:
64,192,50538,1,0,0:0:0:0:
448,192,50538,1,0,0:0:0:0:
320,192,50673,1,0,0:0:0:0:
448,192,50808,1,0,0:0:0:0:
320,192,50808,1,0,0:0:0:0:
192,192,50808,1,0,0:0:0:0:
64,192,50808,1,0,0:0:0:0:
448,192,51078,1,0,0:0:0:0:
320,192,51078,1,0,0:0:0:0:
64,192,51078,1,0,0:0:0:0:
192,192,51214,1,0,0:0:0:0:
320,192,51214,1,0,0:0:0:0:
64,192,51349,1,0,0:0:0:0:
192,192,51349,1,0,0:0:0:0:
448,192,51349,1,0,0:0:0:0:
320,192,51484,1,0,0:0:0:0:
192,192,51484,1,0,0:0:0:0:
448,192,51619,1,0,0:0:0:0:
320,192,51619,1,0,0:0:0:0:
64,192,51619,1,0,0:0:0:0:
192,192,51687,1,0,0:0:0:0:
448,192,51754,1,0,0:0:0:0:
192,192,51822,1,0,0:0:0:0:
320,192,51889,1,0,0:0:0:0:
448,192,51889,1,0,0:0:0:0:
64,192,51889,1,0,0:0:0:0:
192,192,52024,1,0,0:0:0:0:
320,192,52092,1,0,0:0:0:0:
192,192,52160,1,0,0:0:0:0:
448,192,52160,1,0,0:0:0:0:
64,192,52295,1,0,0:0:0:0:
320,192,52295,1,0,0:0:0:0:
192,192,52295,1,0,0:0:0:0:
64,192,52430,1,0,0:0:0:0:
320,192,52430,1,0,0:0:0:0:
448,192,52565,1,0,0:0:0:0:
192,192,52565,1,0,0:0:0:0:
320,192,52700,1,0,0:0:0:0:
64,192,52700,1,0,0:0:0:0:
192,192,52700,1,0,0:0:0:0:
64,192,52970,1,0,0:0:0:0:
320,192,52970,1,0,0:0:0:0:
448,192,52970,1,0,0:0:0:0:
64,192,53106,1,0,0:0:0:0:
320,192,53106,1,0,0:0:0:0:
192,192,53241,1,0,0:0:0:0:
320,192,53241,1,0,0:0:0:0:
192,192,53376,1,0,0:0:0:0:
64,192,53376,1,0,0:0:0:0:
448,192,53376,1,0,0:0:0:0:
64,192,53511,1,0,0:0:0:0:
448,192,53511,1,0,0:0:0:0:
320,192,53646,1,0,0:0:0:0:
64,192,53646,1,0,0:0:0:0:
192,192,53781,1,0,0:0:0:0:
448,192,53781,1,0,0:0:0:0:
64,192,53916,1,0,0:0:0:0:
320,192,53916,1,0,0:0:0:0:
448,192,54051,1,0,0:0:0:0:
192,192,54051,1,0,0:0:0:0:
64,192,54051,1,0,0:0:0:0:
448,192,54187,1,0,0:0:0:0:
192,192,54187,1,0,0:0:0:0:
192,192,54322,1,0,0:0:0:0:
320,192,54322,1,0,0:0:0:0:
64,192,54457,1,0,0:0:0:0:
448,192,54457,1,0,0:0:0:0:
320,192,54457,1,0,0:0:0:0:
448,192,54592,1,0,0:0:0:0:
64,192,54592,1,0,0:0:0:0:
448,192,54727,1,0,0:0:0:0:
192,192,54727,1,0,0:0:0:0:
320,192,54862,1,0,0:0:0:0:
64,192,54862,1,0,0:0:0:0:
192,192,54862,1,0,0:0:0:0:
320,192,54997,1,0,0:0:0:0:
64,192,54997,1,0,0:0:0:0:
320,192,55133,1,0,0:0:0:0:
192,192,55133,1,0,0:0:0:0:
448,192,55133,1,0,0:0:0:0:
64,192,55268,1,0,0:0:0:0:
320,192,55335,1,0,0:0:0:0:
448,192,55403,1,0,0:0:0:0:
64,192,55403,1,0,0:0:0:0:
192,192,55470,1,0,0:0:0:0:
448,192,55538,1,0,0:0:0:0:
320,192,55538,1,0,0:0:0:0:
64,192,55606,1,0,0:0:0:0:
448,192,55673,1,0,0:0:0:0:
192,192,55673,1,0,0:0:0:0:
320,192,55741,1,0,0:0:0:0:
64,192,55808,1,0,0:0:0:0:
192,192,55808,1,0,0:0:0:0:
448,192,55876,1,0,0:0:0:0:
192,192,55943,1,0,0:0:0:0:
320,192,55943,1,0,0:0:0:0:
448,192,56011,1,0,0:0:0:0:
64,192,56011,1,0,0:0:0:0:
192,192,56078,1,0,0:0:0:0:
320,192,56078,1,0,0:0:0:0:
64,192,56146,1,0,0:0:0:0:
192,192,56214,1,0,0:0:0:0:
320,192,56214,1,0,0:0:0:0:
448,192,56214,1,0,0:0:0:0:
320,192,56484,1,0,0:0:0:0:
192,192,56551,1,0,0:0:0:0:
320,192,56619,1,0,0:0:0:0:
192,192,56687,1,0,0:0:0:0:
64,192,56889,1,0,0:0:0:0:
448,192,56889,1,0,0:0:0:0:
320,192,56957,1,0,0:0:0:0:
192,192,57024,1,0,0:0:0:0:
64,192,57024,1,0,0:0:0:0:
448,192,57024,1,0,0:0:0:0:
320,192,57160,1,0,0:0:0:0:
192,192,57227,1,0,0:0:0:0:
448,192,57295,1,0,0:0:0:0:
320,192,57295,1,0,0:0:0:0:
64,192,57430,1,0,0:0:0:0:
192,192,57565,1,0,0:0:0:0:
320,192,57700,1,0,0:0:0:0:
448,192,57700,1,0,0:0:0:0:
320,192,58376,1,0,0:0:0:0:
192,192,58376,1,0,0:0:0:0:
64,192,58511,1,0,0:0:0:0:
448,192,58646,1,0,0:0:0:0:
192,192,58781,1,0,0:0:0:0:
320,192,58781,1,0,0:0:0:0:
192,192,59457,1,0,0:0:0:0:
64,192,59457,1,0,0:0:0:0:
448,192,59592,1,0,0:0:0:0:
320,192,59727,1,0,0:0:0:0:
192,192,59862,1,0,0:0:0:0:
64,192,59862,1,0,0:0:0:0:
192,192,60133,1,0,0:0:0:0:
320,192,60200,1,0,0:0:0:0:
448,192,60268,1,0,0:0:0:0:
192,192,60335,1,0,0:0:0:0:
64,192,60403,1,0,0:0:0:0:
320,192,60470,1,0,0:0:0:0:
448,192,60538,1,0,0:0:0:0:
64,192,60538,1,0,0:0:0:0:
192,192,60606,1,0,0:0:0:0:
320,192,60673,1,0,0:0:0:0:
320,192,60808,1,0,0:0:0:0:
192,192,60876,1,0,0:0:0:0:
448,192,60943,1,0,0:0:0:0:
64,192,60943,1,0,0:0:0:0:
192,192,61078,1,0,0:0:0:0:
320,192,61146,1,0,0:0:0:0:
192,192,61214,1,0,0:0:0:0:
448,192,61281,1,0,0:0:0:0:
64,192,61349,1,0,0:0:0:0:
448,192,61416,1,0,0:0:0:0:
192,192,61484,1,0,0:0:0:0:
320,192,61551,1,0,0:0:0:0:
192,192,61619,1,0,0:0:0:0:
448,192,61619,1,0,0:0:0:0:
64,192,61619,1,0,0:0:0:0:
320,192,61687,1,0,0:0:0:0:
192,192,61754,1,0,0:0:0:0:
448,192,61822,1,0,0:0:0:0:
320,192,61889,1,0,0:0:0:0:
64,192,61889,1,0,0:0:0:0:
448,192,61957,1,0,0:0:0:0:
192,192,62024,1,0,0:0:0:0:
64,192,62024,1,0,0:0:0:0:
320,192,62092,1,0,0:0:0:0:
448,192,62160,1,0,0:0:0:0:
192,192,62227,1,0,0:0:0:0:
320,192,62295,1,0,0:0:0:0:
192,192,62362,1,0,0:0:0:0:
64,192,62430,1,0,0:0:0:0:
448,192,62430,1,0,0:0:0:0:
320,192,62497,1,0,0:0:0:0:
64,192,62565,1,0,0:0:0:0:
192,192,62633,1,0,0:0:0:0:
320,192,62700,1,0,0:0:0:0:
448,192,62700,1,0,0:0:0:0:
192,192,62768,1,0,0:0:0:0:
320,192,62835,1,0,0:0:0:0:
64,192,62903,1,0,0:0:0:0:
448,192,62970,1,0,0:0:0:0:
192,192,62970,1,0,0:0:0:0:
64,192,63038,1,0,0:0:0:0:
320,192,63106,1,0,0:0:0:0:
448,192,63106,1,0,0:0:0:0:
192,192,63173,1,0,0:0:0:0:
64,192,63241,1,0,0:0:0:0:
320,192,63308,1,0,0:0:0:0:
192,192,63376,1,0,0:0:0:0:
320,192,63443,1,0,0:0:0:0:
64,192,63511,1,0,0:0:0:0:
448,192,63511,1,0,0:0:0:0:
448,192,63646,1,0,0:0:0:0:
64,192,63714,1,0,0:0:0:0:
320,192,63781,1,0,0:0:0:0:
192,192,63781,1,0,0:0:0:0:
192,192,63916,1,0,0:0:0:0:
64,192,64051,1,0,0:0:0:0:
320,192,64051,1,0,0:0:0:0:
320,192,64187,1,0,0:0:0:0:
192,192,64187,1,0,0:0:0:0:
448,192,64254,1,0,0:0:0:0:
192,192,64322,1,0,0:0:0:0:
320,192,64389,1,0,0:0:0:0:
64,192,64457,1,0,0:0:0:0:
320,192,64524,1,0,0:0:0:0:
64,192,64592,1,0,0:0:0:0:
192,192,64592,1,0,0:0:0:0:
448,192,64660,1,0,0:0:0:0:
192,192,64727,1,0,0:0:0:0:
320,192,64795,1,0,0:0:0:0:
192,192,64862,1,0,0:0:0:0:
448,192,64862,1,0,0:0:0:0:
64,192,64862,1,0,0:0:0:0:
320,192,64930,1,0,0:0:0:0:
448,192,64997,1,0,0:0:0:0:
64,192,64997,1,0,0:0:0:0:
192,192,65065,1,0,0:0:0:0:
320,192,65133,1,0,0:0:0:0:
192,192,65200,1,0,0:0:0:0:
64,192,65268,1,0,0:0:0:0:
448,192,65268,1,0,0:0:0:0:
320,192,65268,1,0,0:0:0:0:
192,192,65335,1,0,0:0:0:0:
64,192,65403,1,0,0:0:0:0:
320,192,65538,1,0,0:0:0:0:
192,192,65606,1,0,0:0:0:0:
448,192,65673,1,0,0:0:0:0:
192,192,65741,1,0,0:0:0:0:
320,192,65808,1,0,0:0:0:0:
64,192,65808,1,0,0:0:0:0:
448,192,65808,1,0,0:0:0:0:
192,192,65943,1,0,0:0:0:0:
320,192,66078,1,0,0:0:0:0:
192,192,66214,1,0,0:0:0:0:
64,192,66214,1,0,0:0:0:0:
448,192,66214,1,0,0:0:0:0:
64,192,66349,1,0,0:0:0:0:
320,192,66484,1,0,0:0:0:0:
448,192,66484,1,0,0:0:0:0:
192,192,66484,1,0,0:0:0:0:
448,192,66619,1,0,0:0:0:0:
192,192,66754,1,0,0:0:0:0:
320,192,66754,1,0,0:0:0:0:
192,192,66889,1,0,0:0:0:0:
448,192,66889,1,0,0:0:0:0:
192,192,67024,1,0,0:0:0:0:
64,192,67024,1,0,0:0:0:0:
320,192,67024,1,0,0:0:0:0:
64,192,67160,1,0,0:0:0:0:
320,192,67295,1,0,0:0:0:0:
192,192,67295,1,0,0:0:0:0:
320,192,67430,1,0,0:0:0:0:
64,192,67430,1,0,0:0:0:0:
320,192,67565,1,0,0:0:0:0:
448,192,67565,1,0,0:0:0:0:
192,192,67565,1,0,0:0:0:0:
64,192,67700,1,0,0:0:0:0:
448,192,67700,1,0,0:0:0:0:
64,192,67835,1,0,0:0:0:0:
192,192,67835,1,0,0:0:0:0:
192,192,67970,1,0,0:0:0:0:
320,192,67970,1,0,0:0:0:0:
64,192,68106,1,0,0:0:0:0:
448,192,68106,1,0,0:0:0:0:
320,192,68106,1,0,0:0:0:0:
448,192,68241,1,0,0:0:0:0:
192,192,68376,1,0,0:0:0:0:
64,192,68376,1,0,0:0:0:0:
320,192,68376,1,0,0:0:0:0:
192,192,68511,1,0,0:0:0:0:
448,192,68646,1,0,0:0:0:0:
320,192,68646,1,0,0:0:0:0:
64,192,68646,1,0,0:0:0:0:
320,192,68781,1,0,0:0:0:0:
448,192,68916,1,0,0:0:0:0:
64,192,68916,1,0,0:0:0:0:
192,192,68916,1,0,0:0:0:0:
64,192,69051,1,0,0:0:0:0:
320,192,69051,1,0,0:0:0:0:
320,192,69187,1,0,0:0:0:0:
448,192,69187,1,0,0:0:0:0:
192,192,69187,1,0,0:0:0:0:
64,192,69187,1,0,0:0:0:0:
448,192,69322,1,0,0:0:0:0:
320,192,69389,1,0,0:0:0:0:
448,192,69457,1,0,0:0:0:0:
64,192,69457,1,0,0:0:0:0:
320,192,69524,1,0,0:0:0:0:
192,192,69592,1,0,0:0:0:0:
64,192,69660,1,0,0:0:0:0:
448,192,69727,1,0,0:0:0:0:
192,192,69727,1,0,0:0:0:0:
320,192,69727,1,0,0:0:0:0:
448,192,69862,1,0,0:0:0:0:
64,192,69862,1,0,0:0:0:0:
64,192,69997,1,0,0:0:0:0:
192,192,69997,1,0,0:0:0:0:
320,192,69997,1,0,0:0:0:0:
320,192,70133,1,0,0:0:0:0:
64,192,70133,1,0,0:0:0:0:
192,192,70133,1,0,0:0:0:0:
448,192,70133,1,0,0:0:0:0:
64,192,70403,1,0,0:0:0:0:
320,192,70403,1,0,0:0:0:0:
192,192,70470,1,0,0:0:0:0:
64,192,70538,1,0,0:0:0:0:
448,192,70538,1,0,0:0:0:0:
192,192,70606,1,0,0:0:0:0:
320,192,70673,1,0,0:0:0:0:
448,192,70741,1,0,0:0:0:0:
320,192,70808,1,0,0:0:0:0:
64,192,70808,1,0,0:0:0:0:
448,192,70876,1,0,0:0:0:0:
192,192,70943,1,0,0:0:0:0:
320,192,71011,1,0,0:0:0:0:
64,192,71078,1,0,0:0:0:0:
448,192,71078,1,0,0:0:0:0:
192,192,71146,1,0,0:0:0:0:
64,192,71214,1,0,0:0:0:0:
448,192,71281,1,0,0:0:0:0:
192,192,71349,1,0,0:0:0:0:
320,192,71349,1,0,0:0:0:0:
448,192,71416,1,0,0:0:0:0:
64,192,71484,1,0,0:0:0:0:
320,192,71551,1,0,0:0:0:0:
192,192,71619,1,0,0:0:0:0:
64,192,71619,1,0,0:0:0:0:
448,192,71687,1,0,0:0:0:0:
320,192,71754,1,0,0:0:0:0:
192,192,71822,1,0,0:0:0:0:
64,192,71889,1,0,0:0:0:0:
448,192,71889,1,0,0:0:0:0:
192,192,71957,1,0,0:0:0:0:
320,192,72024,1,0,0:0:0:0:
448,192,72024,1,0,0:0:0:0:
64,192,72024,1,0,0:0:0:0:
320,192,72160,1,0,0:0:0:0:
192,192,72160,1,0,0:0:0:0:
64,192,72295,1,0,0:0:0:0:
320,192,72295,1,0,0:0:0:0:
448,192,72295,1,0,0:0:0:0:
192,192,72295,1,0,0:0:0:0:
448,192,72565,1,0,0:0:0:0:
192,192,72565,1,0,0:0:0:0:
320,192,72633,1,0,0:0:0:0:
448,192,72700,1,0,0:0:0:0:
64,192,72700,1,0,0:0:0:0:
320,192,72768,1,0,0:0:0:0:
192,192,72835,1,0,0:0:0:0:
64,192,72903,1,0,0:0:0:0:
192,192,72970,1,0,0:0:0:0:
448,192,72970,1,0,0:0:0:0:
64,192,73038,1,0,0:0:0:0:
320,192,73106,1,0,0:0:0:0:
192,192,73173,1,0,0:0:0:0:
448,192,73241,1,0,0:0:0:0:
64,192,73241,1,0,0:0:0:0:
320,192,73308,1,0,0:0:0:0:
448,192,73376,1,0,0:0:0:0:
64,192,73443,1,0,0:0:0:0:
320,192,73511,1,0,0:0:0:0:
192,192,73511,1,0,0:0:0:0:
64,192,73578,1,0,0:0:0:0:
448,192,73646,1,0,0:0:0:0:
192,192,73714,1,0,0:0:0:0:
320,192,73781,1,0,0:0:0:0:
448,192,73781,1,0,0:0:0:0:
64,192,73849,1,0,0:0:0:0:
192,192,73916,1,0,0:0:0:0:
320,192,73984,1,0,0:0:0:0:
448,192,74051,1,0,0:0:0:0:
64,192,74051,1,0,0:0:0:0:
320,192,74119,1,0,0:0:0:0:
192,192,74187,1,0,0:0:0:0:
64,192,74187,1,0,0:0:0:0:
192,192,74322,1,0,0:0:0:0:
320,192,74322,1,0,0:0:0:0:
448,192,74322,1,0,0:0:0:0:
64,192,74457,1,0,0:0:0:0:
192,192,74457,1,0,0:0:0:0:
320,192,74457,1,0,0:0:0:0:
448,192,74457,1,0,0:0:0:0:
320,192,74862,1,0,0:0:0:0:
192,192,74862,1,0,0:0:0:0:
320,192,74997,1,0,0:0:0:0:
64,192,75133,1,0,0:0:0:0:
320,192,75133,1,0,0:0:0:0:
64,192,75268,1,0,0:0:0:0:
192,192,75268,1,0,0:0:0:0:
64,192,75403,1,0,0:0:0:0:
320,192,75403,1,0,0:0:0:0:
192,192,75538,1,0,0:0:0:0:
448,192,75538,1,0,0:0:0:0:
448,192,75673,1,0,0:0:0:0:
320,192,75673,1,0,0:0:0:0:
64,192,75673,1,0,0:0:0:0:
448,192,75808,1,0,0:0:0:0:
192,192,75808,1,0,0:0:0:0:
192,192,75943,1,0,0:0:0:0:
64,192,75943,1,0,0:0:0:0:
320,192,75943,1,0,0:0:0:0:
64,192,76078,1,0,0:0:0:0:
320,192,76078,1,0,0:0:0:0:
448,192,76214,1,0,0:0:0:0:
64,192,76214,1,0,0:0:0:0:
192,192,76214,1,0,0:0:0:0:
192,192,76349,1,0,0:0:0:0:
448,192,76349,1,0,0:0:0:0:
320,192,76484,1,0,0:0:0:0:
448,192,76484,1,0,0:0:0:0:
64,192,76484,1,0,0:0:0:0:
192,192,76619,1,0,0:0:0:0:
64,192,76619,1,0,0:0:0:0:
320,192,76754,1,0,0:0:0:0:
448,192,76754,1,0,0:0:0:0:
64,192,76822,1,0,0:0:0:0:
320,192,76889,1,0,0:0:0:0:
448,192,76889,1,0,0:0:0:0:
64,192,76957,1,0,0:0:0:0:
448,192,77024,1,0,0:0:0:0:
192,192,77024,1,0,0:0:0:0:
320,192,77092,1,0,0:0:0:0:
448,192,77160,1,0,0:0:0:0:
192,192,77160,1,0,0:0:0:0:
320,192,77227,1,0,0:0:0:0:
64,192,77295,1,0,0:0:0:0:
192,192,77295,1,0,0:0:0:0:
448,192,77362,1,0,0:0:0:0:
192,192,77430,1,0,0:0:0:0:
64,192,77430,1,0,0:0:0:0:
448,192,77497,1,0,0:0:0:0:
320,192,77565,1,0,0:0:0:0:
64,192,77565,1,0,0:0:0:0:
192,192,77633,1,0,0:0:0:0:
64,192,77700,1,0,0:0:0:0:
320,192,77700,1,0,0:0:0:0:
192,192,77768,1,0,0:0:0:0:
448,192,77835,5,0,0:0:0:0:
320,192,77903,1,0,0:0:0:0:
192,192,77970,1,0,0:0:0:0:
320,192,78038,1,0,0:0:0:0:
448,192,78106,1,0,0:0:0:0:
64,192,78173,1,0,0:0:0:0:
192,192,78241,1,0,0:0:0:0:
64,192,78308,1,0,0:0:0:0:
448,192,78376,1,0,0:0:0:0:
320,192,78443,1,0,0:0:0:0:
192,192,78511,1,0,0:0:0:0:
320,192,78578,1,0,0:0:0:0:
448,192,78646,1,0,0:0:0:0:
192,192,78646,1,0,0:0:0:0:
64,192,78646,1,0,0:0:0:0:
448,192,78916,1,0,0:0:0:0:
320,192,78916,1,0,0:0:0:0:
192,192,78916,1,0,0:0:0:0:
64,192,78916,1,0,0:0:0:0:
448,192,85403,5,0,0:0:0:0:
448,192,85673,1,0,0:0:0:0:
448,192,85943,1,0,0:0:0:0:
192,192,86078,1,0,0:0:0:0:
320,192,86146,1,0,0:0:0:0:
448,192,86214,1,0,0:0:0:0:
64,192,86214,1,0,0:0:0:0:
192,192,86214,1,0,0:0:0:0:
448,192,86349,1,0,0:0:0:0:
64,192,86349,1,0,0:0:0:0:
320,192,86349,1,0,0:0:0:0:
192,192,86349,1,0,0:0:0:0:
320,192,86484,1,0,0:0:0:0:
192,192,86551,1,0,0:0:0:0:
64,192,86619,1,0,0:0:0:0:
448,192,86619,1,0,0:0:0:0:
320,192,86754,1,0,0:0:0:0:
448,192,86754,1,0,0:0:0:0:
192,192,86889,1,0,0:0:0:0:
64,192,86889,1,0,0:0:0:0:
448,192,86889,1,0,0:0:0:0:
320,192,86889,1,0,0:0:0:0:
192,192,87024,1,0,0:0:0:0:
320,192,87092,1,0,0:0:0:0:
448,192,87160,1,0,0:0:0:0:
64,192,87160,1,0,0:0:0:0:
192,192,87227,1,0,0:0:0:0:
320,192,87295,1,0,0:0:0:0:
448,192,87295,1,0,0:0:0:0:
64,192,87295,1,0,0:0:0:0:
320,192,87430,1,0,0:0:0:0:
64,192,87565,1,0,0:0:0:0:
448,192,87565,1,0,0:0:0:0:
192,192,87633,1,0,0:0:0:0:
320,192,87700,1,0,0:0:0:0:
64,192,87768,1,0,0:0:0:0:
448,192,87835,1,0,0:0:0:0:
320,192,87835,1,0,0:0:0:0:
192,192,87835,1,0,0:0:0:0:
64,192,87903,1,0,0:0:0:0:
448,192,87970,1,0,0:0:0:0:
320,192,87970,1,0,0:0:0:0:
192,192,88038,1,0,0:0:0:0:
448,192,88106,1,0,0:0:0:0:
64,192,88106,1,0,0:0:0:0:
320,192,88173,1,0,0:0:0:0:
192,192,88241,1,0,0:0:0:0:
64,192,88241,1,0,0:0:0:0:
320,192,88308,1,0,0:0:0:0:
448,192,88376,1,0,0:0:0:0:
64,192,88376,1,0,0:0:0:0:
192,192,88443,1,0,0:0:0:0:
320,192,88511,1,0,0:0:0:0:
64,192,88578,1,0,0:0:0:0:
192,192,88646,1,0,0:0:0:0:
448,192,88646,1,0,0:0:0:0:
320,192,88646,1,0,0:0:0:0:
64,192,88714,1,0,0:0:0:0:
448,192,88781,1,0,0:0:0:0:
192,192,88781,1,0,0:0:0:0:
320,192,88849,1,0,0:0:0:0:
448,192,88916,1,0,0:0:0:0:
64,192,88916,1,0,0:0:0:0:
192,192,88984,1,0,0:0:0:0:
320,192,89051,1,0,0:0:0:0:
64,192,89051,1,0,0:0:0:0:
192,192,89119,1,0,0:0:0:0:
448,192,89187,1,0,0:0:0:0:
64,192,89187,1,0,0:0:0:0:
320,192,89254,1,0,0:0:0:0:
192,192,89322,1,0,0:0:0:0:
448,192,89322,1,0,0:0:0:0:
64,192,89389,1,0,0:0:0:0:
320,192,89457,1,0,0:0:0:0:
448,192,89457,1,0,0:0:0:0:
64,192,89524,1,0,0:0:0:0:
192,192,89592,1,0,0:0:0:0:
320,192,89592,1,0,0:0:0:0:
448,192,89660,1,0,0:0:0:0:
320,192,89727,1,0,0:0:0:0:
192,192,89727,1,0,0:0:0:0:
64,192,89727,1,0,0:0:0:0:
448,192,89795,1,0,0:0:0:0:
192,192,89862,1,0,0:0:0:0:
64,192,89862,1,0,0:0:0:0:
320,192,89930,1,0,0:0:0:0:
448,192,89997,1,0,0:0:0:0:
64,192,89997,1,0,0:0:0:0:
192,192,90065,1,0,0:0:0:0:
320,192,90133,1,0,0:0:0:0:
64,192,90200,1,0,0:0:0:0:
448,192,90268,1,0,0:0:0:0:
192,192,90268,1,0,0:0:0:0:
320,192,90335,1,0,0:0:0:0:
192,192,90403,1,0,0:0:0:0:
64,192,90403,1,0,0:0:0:0:
320,192,90470,1,0,0:0:0:0:
448,192,90470,1,0,0:0:0:0:
192,192,90538,1,0,0:0:0:0:
64,192,90538,1,0,0:0:0:0:
448,192,90606,1,0,0:0:0:0:
320,192,90673,1,0,0:0:0:0:
64,192,90673,1,0,0:0:0:0:
192,192,90741,1,0,0:0:0:0:
320,192,90808,1,0,0:0:0:0:
64,192,90808,1,0,0:0:0:0:
448,192,90808,1,0,0:0:0:0:
192,192,90876,1,0,0:0:0:0:
320,192,90943,1,0,0:0:0:0:
448,192,90943,1,0,0:0:0:0:
64,192,91011,1,0,0:0:0:0:
192,192,91078,1,0,0:0:0:0:
448,192,91078,1,0,0:0:0:0:
320,192,91146,1,0,0:0:0:0:
448,192,91214,1,0,0:0:0:0:
64,192,91214,1,0,0:0:0:0:
320,192,91281,1,0,0:0:0:0:
192,192,91349,1,0,0:0:0:0:
64,192,91349,1,0,0:0:0:0:
448,192,91416,1,0,0:0:0:0:
320,192,91484,1,0,0:0:0:0:
64,192,91484,1,0,0:0:0:0:
192,192,91551,1,0,0:0:0:0:
320,192,91619,1,0,0:0:0:0:
448,192,91619,1,0,0:0:0:0:
64,192,91687,1,0,0:0:0:0:
192,192,91754,1,0,0:0:0:0:
448,192,91754,1,0,0:0:0:0:
320,192,91754,1,0,0:0:0:0:
448,192,91889,1,0,0:0:0:0:
64,192,92024,1,0,0:0:0:0:
192,192,92024,1,0,0:0:0:0:
448,192,92092,1,0,0:0:0:0:
320,192,92160,1,0,0:0:0:0:
64,192,92160,1,0,0:0:0:0:
448,192,92227,1,0,0:0:0:0:
320,192,92295,1,0,0:0:0:0:
64,192,92362,1,0,0:0:0:0:
192,192,92430,1,0,0:0:0:0:
448,192,92430,1,0,0:0:0:0:
64,192,92497,1,0,0:0:0:0:
192,192,92565,1,0,0:0:0:0:
320,192,92565,1,0,0:0:0:0:
448,192,92633,1,0,0:0:0:0:
64,192,92700,1,0,0:0:0:0:
320,192,92700,1,0,0:0:0:0:
192,192,92768,1,0,0:0:0:0:
448,192,92835,1,0,0:0:0:0:
64,192,92835,1,0,0:0:0:0:
320,192,92903,1,0,0:0:0:0:
192,192,92970,1,0,0:0:0:0:
448,192,92970,1,0,0:0:0:0:
64,192,92970,1,0,0:0:0:0:
320,192,93038,1,0,0:0:0:0:
64,192,93106,1,0,0:0:0:0:
192,192,93106,1,0,0:0:0:0:
448,192,93173,1,0,0:0:0:0:
320,192,93241,1,0,0:0:0:0:
192,192,93241,1,0,0:0:0:0:
448,192,93308,1,0,0:0:0:0:
64,192,93376,1,0,0:0:0:0:
320,192,93376,1,0,0:0:0:0:
192,192,93443,1,0,0:0:0:0:
64,192,93511,1,0,0:0:0:0:
448,192,93511,1,0,0:0:0:0:
320,192,93578,1,0,0:0:0:0:
448,192,93646,1,0,0:0:0:0:
64,192,93646,1,0,0:0:0:0:
192,192,93714,1,0,0:0:0:0:
320,192,93781,1,0,0:0:0:0:
448,192,93781,1,0,0:0:0:0:
64,192,93849,1,0,0:0:0:0:
320,192,93916,1,0,0:0:0:0:
192,192,93916,1,0,0:0:0:0:
448,192,93984,1,0,0:0:0:0:
64,192,94051,1,0,0:0:0:0:
192,192,94051,1,0,0:0:0:0:
320,192,94051,1,0,0:0:0:0:
448,192,94119,1,0,0:0:0:0:
64,192,94187,1,0,0:0:0:0:
192,192,94254,1,0,0:0:0:0:
64,192,94322,1,0,0:0:0:0:
320,192,94322,1,0,0:0:0:0:
448,192,94389,1,0,0:0:0:0:
320,192,94457,1,0,0:0:0:0:
64,192,94457,1,0,0:0:0:0:
192,192,94457,1,0,0:0:0:0:
448,192,94524,1,0,0:0:0:0:
192,192,94592,1,0,0:0:0:0:
64,192,94660,1,0,0:0:0:0:
448,192,94727,1,0,0:0:0:0:
320,192,94727,1,0,0:0:0:0:
64,192,94795,1,0,0:0:0:0:
448,192,94862,5,0,0:0:0:0:
192,192,94862,1,0,0:0:0:0:
320,192,94862,1,0,0:0:0:0:
192,192,94997,1,0,0:0:0:0:
64,192,94997,1,0,0:0:0:0:
448,192,94997,1,0,0:0:0:0:
64,192,95133,5,0,0:0:0:0:
320,192,95133,1,0,0:0:0:0:
192,192,95268,5,0,0:0:0:0:
320,192,95268,1,0,0:0:0:0:
448,192,95403,5,0,0:0:0:0:
64,192,95403,1,0,0:0:0:0:
192,192,95403,1,0,0:0:0:0:
320,192,95538,1,0,0:0:0:0:
448,192,95606,1,0,0:0:0:0:
320,192,95673,1,0,0:0:0:0:
64,192,95673,1,0,0:0:0:0:
192,192,95741,1,0,0:0:0:0:
448,192,95808,1,0,0:0:0:0:
64,192,95808,1,0,0:0:0:0:
320,192,95876,5,0,0:0:0:0:
448,192,95943,1,0,0:0:0:0:
192,192,95943,1,0,0:0:0:0:
64,192,96011,1,0,0:0:0:0:
320,192,96078,1,0,0:0:0:0:
192,192,96078,1,0,0:0:0:0:
448,192,96214,5,0,0:0:0:0:
320,192,96214,1,0,0:0:0:0:
64,192,96214,1,0,0:0:0:0:
192,192,96281,1,0,0:0:0:0:
64,192,96349,1,0,0:0:0:0:
448,192,96349,1,0,0:0:0:0:
192,192,96416,1,0,0:0:0:0:
448,192,96484,1,0,0:0:0:0:
320,192,96484,1,0,0:0:0:0:
64,192,96551,1,0,0:0:0:0:
320,192,96619,1,0,0:0:0:0:
192,192,96619,1,0,0:0:0:0:
448,192,96687,1,0,0:0:0:0:
320,192,96754,1,0,0:0:0:0:
64,192,96754,1,0,0:0:0:0:
192,192,96822,1,0,0:0:0:0:
64,192,96889,1,0,0:0:0:0:
448,192,96889,1,0,0:0:0:0:
320,192,96957,1,0,0:0:0:0:
192,192,97024,1,0,0:0:0:0:
448,192,97024,1,0,0:0:0:0:
320,192,97092,1,0,0:0:0:0:
192,192,97160,1,0,0:0:0:0:
64,192,97160,1,0,0:0:0:0:
448,192,97227,1,0,0:0:0:0:
64,192,97295,1,0,0:0:0:0:
320,192,97295,1,0,0:0:0:0:
192,192,97362,1,0,0:0:0:0:
64,192,97430,1,0,0:0:0:0:
448,192,97430,1,0,0:0:0:0:
192,192,97497,1,0,0:0:0:0:
320,192,97565,1,0,0:0:0:0:
448,192,97565,1,0,0:0:0:0:
64,192,97633,1,0,0:0:0:0:
448,192,97700,1,0,0:0:0:0:
320,192,97700,1,0,0:0:0:0:
64,192,97768,1,0,0:0:0:0:
320,192,97835,1,0,0:0:0:0:
192,192,97835,1,0,0:0:0:0:
448,192,97903,1,0,0:0:0:0:
192,192,97970,1,0,0:0:0:0:
64,192,97970,1,0,0:0:0:0:
448,192,98038,1,0,0:0:0:0:
64,192,98106,1,0,0:0:0:0:
320,192,98106,1,0,0:0:0:0:
448,192,98173,1,0,0:0:0:0:
64,192,98241,1,0,0:0:0:0:
192,192,98241,1,0,0:0:0:0:
320,192,98308,1,0,0:0:0:0:
192,192,98376,1,0,0:0:0:0:
448,192,98376,1,0,0:0:0:0:
320,192,98443,1,0,0:0:0:0:
64,192,98511,1,0,0:0:0:0:
448,192,98511,1,0,0:0:0:0:
192,192,98578,1,0,0:0:0:0:
320,192,98646,1,0,0:0:0:0:
64,192,98646,1,0,0:0:0:0:
192,192,98714,1,0,0:0:0:0:
448,192,98781,1,0,0:0:0:0:
320,192,98781,1,0,0:0:0:0:
64,192,98849,1,0,0:0:0:0:
192,192,98916,1,0,0:0:0:0:
448,192,98916,1,0,0:0:0:0:
320,192,98984,1,0,0:0:0:0:
64,192,99051,1,0,0:0:0:0:
448,192,99051,1,0,0:0:0:0:
320,192,99119,1,0,0:0:0:0:
64,192,99187,1,0,0:0:0:0:
192,192,99187,1,0,0:0:0:0:
448,192,99254,1,0,0:0:0:0:
192,192,99322,1,0,0:0:0:0:
320,192,99322,1,0,0:0:0:0:
64,192,99389,1,0,0:0:0:0:
448,192,99457,1,0,0:0:0:0:
320,192,99457,1,0,0:0:0:0:
192,192,99524,1,0,0:0:0:0:
64,192,99524,1,0,0:0:0:0:
448,192,99592,1,0,0:0:0:0:
320,192,99660,1,0,0:0:0:0:
192,192,99727,1,0,0:0:0:0:
64,192,99727,1,0,0:0:0:0:
448,192,99795,1,0,0:0:0:0:
64,192,99862,1,0,0:0:0:0:
320,192,99930,1,0,0:0:0:0:
192,192,99930,1,0,0:0:0:0:
448,192,99997,1,0,0:0:0:0:
192,192,100065,1,0,0:0:0:0:
64,192,100133,1,0,0:0:0:0:
448,192,100133,1,0,0:0:0:0:
192,192,100200,1,0,0:0:0:0:
448,192,100268,1,0,0:0:0:0:
320,192,100268,1,0,0:0:0:0:
64,192,100335,1,0,0:0:0:0:
192,192,100403,1,0,0:0:0:0:
320,192,100403,1,0,0:0:0:0:
64,192,100470,1,0,0:0:0:0:
448,192,100538,1,0,0:0:0:0:
320,192,100538,1,0,0:0:0:0:
192,192,100606,1,0,0:0:0:0:
64,192,100673,1,0,0:0:0:0:
320,192,100673,1,0,0:0:0:0:
448,192,100741,1,0,0:0:0:0:
64,192,100808,1,0,0:0:0:0:
192,192,100808,1,0,0:0:0:0:
448,192,100876,1,0,0:0:0:0:
192,192,100943,1,0,0:0:0:0:
320,192,100943,1,0,0:0:0:0:
64,192,101011,1,0,0:0:0:0:
448,192,101078,1,0,0:0:0:0:
192,192,101078,1,0,0:0:0:0:
320,192,101146,1,0,0:0:0:0:
448,192,101214,1,0,0:0:0:0:
64,192,101214,1,0,0:0:0:0:
192,192,101281,1,0,0:0:0:0:
64,192,101349,1,0,0:0:0:0:
320,192,101349,1,0,0:0:0:0:
192,192,101416,1,0,0:0:0:0:
448,192,101484,1,0,0:0:0:0:
320,192,101484,1,0,0:0:0:0:
64,192,101551,1,0,0:0:0:0:
192,192,101619,1,0,0:0:0:0:
320,192,101619,1,0,0:0:0:0:
448,192,101754,1,0,0:0:0:0:
64,192,101754,1,0,0:0:0:0:
320,192,101822,1,0,0:0:0:0:
192,192,101822,1,0,0:0:0:0:
64,192,101889,1,0,0:0:0:0:
448,192,101889,1,0,0:0:0:0:
192,192,102024,1,0,0:0:0:0:
320,192,102024,1,0,0:0:0:0:
64,192,102092,1,0,0:0:0:0:
448,192,102092,1,0,0:0:0:0:
192,192,102160,1,0,0:0:0:0:
320,192,102160,1,0,0:0:0:0:
448,192,102295,1,0,0:0:0:0:
64,192,102295,1,0,0:0:0:0:
192,192,102362,1,0,0:0:0:0:
320,192,102362,1,0,0:0:0:0:
64,192,102430,1,0,0:0:0:0:
448,192,102430,1,0,0:0:0:0:
192,192,102565,1,0,0:0:0:0:
64,192,102565,1,0,0:0:0:0:
320,192,102633,1,0,0:0:0:0:
448,192,102700,1,0,0:0:0:0:
192,192,102700,1,0,0:0:0:0:
320,192,102768,1,0,0:0:0:0:
64,192,102835,1,0,0:0:0:0:
448,192,102835,1,0,0:0:0:0:
192,192,102903,1,0,0:0:0:0:
320,192,102970,1,0,0:0:0:0:
64,192,102970,1,0,0:0:0:0:
192,192,103038,1,0,0:0:0:0:
320,192,103106,1,0,0:0:0:0:
448,192,103106,1,0,0:0:0:0:
64,192,103173,1,0,0:0:0:0:
192,192,103241,1,0,0:0:0:0:
448,192,103241,1,0,0:0:0:0:
64,192,103308,1,0,0:0:0:0:
320,192,103376,1,0,0:0:0:0:
448,192,103376,1,0,0:0:0:0:
192,192,103443,1,0,0:0:0:0:
320,192,103511,1,0,0:0:0:0:
64,192,103511,1,0,0:0:0:0:
448,192,103578,1,0,0:0:0:0:
192,192,103646,1,0,0:0:0:0:
64,192,103646,1,0,0:0:0:0:
448,192,103714,1,0,0:0:0:0:
320,192,103781,1,0,0:0:0:0:
192,192,103781,1,0,0:0:0:0:
64,192,103781,1,0,0:0:0:0:
320,192,103916,1,0,0:0:0:0:
448,192,103916,1,0,0:0:0:0:
64,192,104051,1,0,0:0:0:0:
192,192,104051,1,0,0:0:0:0:
448,192,104051,1,0,0:0:0:0:
320,192,104187,1,0,0:0:0:0:
192,192,104187,1,0,0:0:0:0:
64,192,104254,1,0,0:0:0:0:
448,192,104254,1,0,0:0:0:0:
448,192,104389,1,0,0:0:0:0:
64,192,104389,1,0,0:0:0:0:
192,192,104457,1,0,0:0:0:0:
320,192,104457,1,0,0:0:0:0:
448,192,104592,1,0,0:0:0:0:
320,192,104592,1,0,0:0:0:0:
64,192,104592,1,0,0:0:0:0:
448,192,104727,1,0,0:0:0:0:
192,192,104727,1,0,0:0:0:0:
448,192,104862,1,0,0:0:0:0:
320,192,104862,1,0,0:0:0:0:
192,192,104862,1,0,0:0:0:0:
64,192,104862,1,0,0:0:0:0:
320,192,104997,1,0,0:0:0:0:
192,192,105065,1,0,0:0:0:0:
64,192,105133,1,0,0:0:0:0:
320,192,105133,1,0,0:0:0:0:
448,192,105133,1,0,0:0:0:0:
64,192,105268,1,0,0:0:0:0:
192,192,105268,1,0,0:0:0:0:
320,192,105268,1,0,0:0:0:0:
448,192,105268,1,0,0:0:0:0:
192,192,105403,1,0,0:0:0:0:
320,192,105470,1,0,0:0:0:0:
448,192,105538,1,0,0:0:0:0:
192,192,105538,1,0,0:0:0:0:
64,192,105538,1,0,0:0:0:0:
320,192,105606,1,0,0:0:0:0:
64,192,105673,1,0,0:0:0:0:
448,192,105673,1,0,0:0:0:0:
192,192,105741,1,0,0:0:0:0:
320,192,105808,1,0,0:0:0:0:
64,192,105808,1,0,0:0:0:0:
192,192,105943,1,0,0:0:0:0:
64,192,105943,1,0,0:0:0:0:
448,192,105943,1,0,0:0:0:0:
320,192,105943,1,0,0:0:0:0:
192,192,106078,1,0,0:0:0:0:
320,192,106146,1,0,0:0:0:0:
64,192,106214,1,0,0:0:0:0:
192,192,106214,1,0,0:0:0:0:
448,192,106214,1,0,0:0:0:0:
64,192,106349,1,0,0:0:0:0:
192,192,106349,1,0,0:0:0:0:
448,192,106349,1,0,0:0:0:0:
320,192,106349,1,0,0:0:0:0:
320,192,106484,1,0,0:0:0:0:
192,192,106551,1,0,0:0:0:0:
64,192,106619,1,0,0:0:0:0:
320,192,106619,1,0,0:0:0:0:
448,192,106619,1,0,0:0:0:0:
64,192,106754,1,0,0:0:0:0:
448,192,106754,1,0,0:0:0:0:
192,192,106754,1,0,0:0:0:0:
320,192,106754,1,0,0:0:0:0:
448,192,106889,1,0,0:0:0:0:
64,192,106889,1,0,0:0:0:0:
192,192,106889,1,0,0:0:0:0:
64,192,107024,1,0,0:0:0:0:
448,192,107024,1,0,0:0:0:0:
320,192,107024,1,0,0:0:0:0:
192,192,107024,1,0,0:0:0:0:
448,192,107160,1,0,0:0:0:0:
320,192,107160,1,0,0:0:0:0:
64,192,107227,1,0,0:0:0:0:
320,192,107295,1,0,0:0:0:0:
192,192,107295,1,0,0:0:0:0:
192,192,107430,1,0,0:0:0:0:
320,192,107430,1,0,0:0:0:0:
448,192,107430,1,0,0:0:0:0:
64,192,107430,1,0,0:0:0:0:
448,192,107565,1,0,0:0:0:0:
64,192,107633,1,0,0:0:0:0:
320,192,107700,1,0,0:0:0:0:
448,192,107700,1,0,0:0:0:0:
64,192,107768,1,0,0:0:0:0:
448,192,107835,1,0,0:0:0:0:
192,192,107835,1,0,0:0:0:0:
320,192,107903,1,0,0:0:0:0:
64,192,107970,1,0,0:0:0:0:
192,192,107970,1,0,0:0:0:0:
448,192,108038,1,0,0:0:0:0:
64,192,108106,1,0,0:0:0:0:
192,192,108106,1,0,0:0:0:0:
320,192,108106,1,0,0:0:0:0:
448,192,108173,1,0,0:0:0:0:
192,192,108241,1,0,0:0:0:0:
320,192,108308,1,0,0:0:0:0:
64,192,108376,1,0,0:0:0:0:
448,192,108376,1,0,0:0:0:0:
192,192,108443,1,0,0:0:0:0:
448,192,108511,1,0,0:0:0:0:
64,192,108511,1,0,0:0:0:0:
320,192,108511,1,0,0:0:0:0:
192,192,108578,1,0,0:0:0:0:
448,192,108646,1,0,0:0:0:0:
320,192,108714,1,0,0:0:0:0:
192,192,108781,1,0,0:0:0:0:
64,192,108781,1,0,0:0:0:0:
448,192,108781,1,0,0:0:0:0:
320,192,108849,1,0,0:0:0:0:
64,192,108916,1,0,0:0:0:0:
192,192,108916,1,0,0:0:0:0:
448,192,108984,1,0,0:0:0:0:
64,192,109051,1,0,0:0:0:0:
320,192,109051,1,0,0:0:0:0:
192,192,109119,1,0,0:0:0:0:
448,192,109187,1,0,0:0:0:0:
320,192,109187,1,0,0:0:0:0:
64,192,109187,1,0,0:0:0:0:
448,192,109322,1,0,0:0:0:0:
320,192,109322,1,0,0:0:0:0:
64,192,109389,1,0,0:0:0:0:
448,192,109457,1,0,0:0:0:0:
192,192,109457,1,0,0:0:0:0:
64,192,109524,1,0,0:0:0:0:
320,192,109592,1,0,0:0:0:0:
192,192,109592,1,0,0:0:0:0:
448,192,109660,1,0,0:0:0:0:
320,192,109727,1,0,0:0:0:0:
64,192,109727,1,0,0:0:0:0:
192,192,109795,1,0,0:0:0:0:
64,192,109862,1,0,0:0:0:0:
448,192,109862,1,0,0:0:0:0:
320,192,109930,1,0,0:0:0:0:
448,192,109997,1,0,0:0:0:0:
192,192,109997,1,0,0:0:0:0:
320,192,110065,1,0,0:0:0:0:
64,192,110133,1,0,0:0:0:0:
192,192,110133,1,0,0:0:0:0:
448,192,110200,1,0,0:0:0:0:
320,192,110268,1,0,0:0:0:0:
192,192,110268,1,0,0:0:0:0:
448,192,110403,1,0,0:0:0:0:
64,192,110403,1,0,0:0:0:0:
192,192,110470,1,0,0:0:0:0:
320,192,110470,1,0,0:0:0:0:
448,192,110538,1,0,0:0:0:0:
64,192,110538,1,0,0:0:0:0:
192,192,110673,1,0,0:0:0:0:
320,192,110673,1,0,0:0:0:0:
448,192,110741,1,0,0:0:0:0:
64,192,110741,1,0,0:0:0:0:
192,192,110808,1,0,0:0:0:0:
320,192,110808,1,0,0:0:0:0:
448,192,110943,1,0,0:0:0:0:
64,192,110943,1,0,0:0:0:0:
192,192,111011,1,0,0:0:0:0:
320,192,111011,1,0,0:0:0:0:
64,192,111078,1,0,0:0:0:0:
448,192,111078,1,0,0:0:0:0:
448,192,111214,1,0,0:0:0:0:
320,192,111214,1,0,0:0:0:0:
192,192,111281,1,0,0:0:0:0:
448,192,111349,1,0,0:0:0:0:
320,192,111349,1,0,0:0:0:0:
64,192,111349,1,0,0:0:0:0:
192,192,111416,1,0,0:0:0:0:
320,192,111484,1,0,0:0:0:0:
64,192,111484,1,0,0:0:0:0:
448,192,111551,1,0,0:0:0:0:
192,192,111619,1,0,0:0:0:0:
64,192,111619,1,0,0:0:0:0:
320,192,111687,1,0,0:0:0:0:
448,192,111754,1,0,0:0:0:0:
192,192,111754,1,0,0:0:0:0:
64,192,111822,1,0,0:0:0:0:
320,192,111889,1,0,0:0:0:0:
448,192,111889,1,0,0:0:0:0:
192,192,111957,1,0,0:0:0:0:
64,192,111957,1,0,0:0:0:0:
320,192,112024,1,0,0:0:0:0:
448,192,112024,1,0,0:0:0:0:
192,192,112092,1,0,0:0:0:0:
64,192,112092,1,0,0:0:0:0:
320,192,112160,1,0,0:0:0:0:
448,192,112160,1,0,0:0:0:0:
192,192,112227,1,0,0:0:0:0:
64,192,112227,1,0,0:0:0:0:
320,192,112295,1,0,0:0:0:0:
448,192,112295,1,0,0:0:0:0:
64,192,112362,1,0,0:0:0:0:
320,192,112430,1,0,0:0:0:0:
448,192,112430,1,0,0:0:0:0:
192,192,112430,1,0,0:0:0:0:
192,192,112565,1,0,0:0:0:0:
64,192,112700,1,0,0:0:0:0:
448,192,112700,1,0,0:0:0:0:
64,192,112835,1,0,0:0:0:0:
320,192,112835,1,0,0:0:0:0:
192,192,112903,1,0,0:0:0:0:
448,192,112903,1,0,0:0:0:0:
320,192,112970,1,0,0:0:0:0:
192,192,113038,1,0,0:0:0:0:
448,192,113106,1,0,0:0:0:0:
64,192,113106,1,0,0:0:0:0:
320,192,113173,1,0,0:0:0:0:
448,192,113241,1,0,0:0:0:0:
192,192,113241,1,0,0:0:0:0:
64,192,113241,1,0,0:0:0:0:
64,192,113376,1,0,0:0:0:0:
320,192,113376,1,0,0:0:0:0:
448,192,113376,1,0,0:0:0:0:
64,192,113511,1,0,0:0:0:0:
192,192,113511,1,0,0:0:0:0:
320,192,113511,1,0,0:0:0:0:
448,192,113511,1,0,0:0:0:0:
192,192,113646,1,0,0:0:0:0:
192,192,113781,1,0,0:0:0:0:
320,192,113781,1,0,0:0:0:0:
320,192,113916,1,0,0:0:0:0:
64,192,114051,1,0,0:0:0:0:
320,192,114051,1,0,0:0:0:0:
64,192,114187,1,0,0:0:0:0:
192,192,114187,1,0,0:0:0:0:
320,192,114322,1,0,0:0:0:0:
64,192,114322,1,0,0:0:0:0:
192,192,114457,1,0,0:0:0:0:
448,192,114457,1,0,0:0:0:0:
448,192,114592,1,0,0:0:0:0:
320,192,114592,1,0,0:0:0:0:
64,192,114592,1,0,0:0:0:0:
448,192,114727,1,0,0:0:0:0:
192,192,114727,1,0,0:0:0:0:
192,192,114862,1,0,0:0:0:0:
64,192,114862,1,0,0:0:0:0:
320,192,114862,1,0,0:0:0:0:
64,192,114997,1,0,0:0:0:0:
320,192,114997,1,0,0:0:0:0:
448,192,115133,1,0,0:0:0:0:
64,192,115133,1,0,0:0:0:0:
192,192,115133,1,0,0:0:0:0:
192,192,115268,1,0,0:0:0:0:
448,192,115268,1,0,0:0:0:0:
320,192,115403,1,0,0:0:0:0:
448,192,115403,1,0,0:0:0:0:
64,192,115403,1,0,0:0:0:0:
64,192,115538,1,0,0:0:0:0:
192,192,115538,1,0,0:0:0:0:
448,192,115673,1,0,0:0:0:0:
320,192,115673,1,0,0:0:0:0:
64,192,115741,1,0,0:0:0:0:
448,192,115808,1,0,0:0:0:0:
320,192,115808,1,0,0:0:0:0:
64,192,115876,1,0,0:0:0:0:
192,192,115943,1,0,0:0:0:0:
448,192,115943,1,0,0:0:0:0:
320,192,116011,1,0,0:0:0:0:
192,192,116078,1,0,0:0:0:0:
448,192,116078,1,0,0:0:0:0:
320,192,116146,1,0,0:0:0:0:
192,192,116214,1,0,0:0:0:0:
64,192,116214,1,0,0:0:0:0:
448,192,116281,1,0,0:0:0:0:
64,192,116349,1,0,0:0:0:0:
192,192,116349,1,0,0:0:0:0:
448,192,116416,1,0,0:0:0:0:
64,192,116484,1,0,0:0:0:0:
320,192,116484,1,0,0:0:0:0:
192,192,116551,1,0,0:0:0:0:
320,192,116619,1,0,0:0:0:0:
64,192,116619,1,0,0:0:0:0:
192,192,116687,1,0,0:0:0:0:
448,192,116754,1,0,0:0:0:0:
448,192,117024,1,0,0:0:0:0:
448,192,117295,1,0,0:0:0:0:
192,192,117430,1,0,0:0:0:0:
320,192,117497,1,0,0:0:0:0:
448,192,117565,1,0,0:0:0:0:
192,192,117565,1,0,0:0:0:0:
64,192,117565,1,0,0:0:0:0:
