osu file format v14

[General]
AudioFilename: audio.mp3
AudioLeadIn: 0
PreviewTime: 32347
Countdown: 0
SampleSet: Soft
StackLeniency: 0.7
Mode: 3
LetterboxInBreaks: 0
SpecialStyle: 0
WidescreenStoryboard: 1

[Editor]
DistanceSpacing: 0.8
BeatDivisor: 4
GridSize: 32
TimelineZoom: 1

[Metadata]
Title:cold weather
TitleUnicode:cold weather
Artist:glass beach
ArtistUnicode:glass beach
Creator:-Enma-
Version:4K Hard
Source:
Tags:the first album rock english male vocals mpg mg mappers' guild featured artist fa J McClendon William White Jonas Newhouse Daxe Schaeffer
BeatmapID:5821688
BeatmapSetID:2603242

[Difficulty]
HPDrainRate:7.8
CircleSize:4
OverallDifficulty:7.8
ApproachRate:5
SliderMultiplier:1.4
SliderTickRate:1

[Events]
//Background and Video events
0,0,"bg.jpg",0,0
//Break Periods
//Storyboard Layer 0 (Background)
//Storyboard Layer 1 (Fail)
//Storyboard Layer 2 (Pass)
//Storyboard Layer 3 (Foreground)
//Storyboard Layer 4 (Overlay)
//Storyboard Sound Samples

[TimingPoints]
59,315.78947368421,5,2,1,40,1,0
59,-122.5806452,5,2,1,40,0,0
4795,321.715817694369,4,2,1,40,1,0
4795,-120.3225806,4,2,1,40,0,0
6081,382.165605095541,4,2,1,40,1,0
6081,-101.2903226,4,2,1,40,0,0
9138,652.173913043478,4,2,1,40,1,0
9138,-59.35483871,4,2,1,40,0,0
9790,387.096774193548,4,2,1,40,1,0
15596,396.039603960396,4,2,1,40,1,0
15596,-97.74193548,4,2,1,40,0,0
15992,387.096774193548,4,2,1,40,1,0
21412,387.096774193548,4,2,1,40,1,0
49282,375,4,2,1,40,1,0
49282,-103.2258065,4,2,1,40,0,0
70282,387.096774193548,4,2,1,40,1,0
83443,387.096774193548,4,2,1,40,1,0
105120,413.793103448275,4,2,1,40,1,0
105120,-93.5483871,4,2,1,40,0,0
120016,387.096774193548,4,2,1,40,1,0
120790,400,4,2,1,40,1,0
120790,-96.77419355,4,2,1,40,0,0
121590,393.44262295082,4,2,1,40,1,0
121590,-98.38709677,4,2,1,40,0,0
124737,375,4,2,1,40,1,0
124737,-103.2258065,4,2,1,40,0,0
127362,333.333333333333,4,2,1,40,1,0
127362,-116.1290323,4,2,1,40,0,0
127695,363.636363636363,4,2,1,40,1,0
127695,-106.4516129,4,2,1,40,0,0
130604,300,5,2,1,40,1,0
130604,-129.0322581,5,2,1,40,0,0


[HitObjects]
192,192,59,5,0,0:0:0:0:
64,192,59,1,0,0:0:0:0:
448,192,59,1,0,0:0:0:0:
192,192,216,1,0,0:0:0:0:
320,192,374,1,0,0:0:0:0:
192,192,532,1,0,0:0:0:0:
64,192,532,1,0,0:0:0:0:
448,192,532,1,0,0:0:0:0:
320,192,848,1,0,0:0:0:0:
448,192,1006,1,0,0:0:0:0:
320,192,1006,1,0,0:0:0:0:
192,192,1006,1,0,0:0:0:0:
192,192,1322,1,0,0:0:0:0:
64,192,1322,1,0,0:0:0:0:
448,192,1322,1,0,0:0:0:0:
448,192,1637,1,0,0:0:0:0:
64,192,1637,1,0,0:0:0:0:
192,192,1637,1,0,0:0:0:0:
192,192,1795,1,0,0:0:0:0:
320,192,1953,1,0,0:0:0:0:
448,192,2111,1,0,0:0:0:0:
192,192,2111,1,0,0:0:0:0:
64,192,2111,1,0,0:0:0:0:
320,192,2427,1,0,0:0:0:0:
448,192,2585,1,0,0:0:0:0:
320,192,2585,1,0,0:0:0:0:
192,192,2585,1,0,0:0:0:0:
64,192,2901,1,0,0:0:0:0:
192,192,2901,1,0,0:0:0:0:
448,192,2901,1,0,0:0:0:0:
192,192,3216,1,0,0:0:0:0:
64,192,3216,1,0,0:0:0:0:
448,192,3216,1,0,0:0:0:0:
192,192,3374,1,0,0:0:0:0:
320,192,3532,1,0,0:0:0:0:
64,192,3690,1,0,0:0:0:0:
192,192,3690,1,0,0:0:0:0:
448,192,3690,1,0,0:0:0:0:
320,192,4006,1,0,0:0:0:0:
192,192,4164,1,0,0:0:0:0:
320,192,4164,1,0,0:0:0:0:
448,192,4164,1,0,0:0:0:0:
192,192,4480,1,0,0:0:0:0:
64,192,4480,1,0,0:0:0:0:
448,192,4480,1,0,0:0:0:0:
320,192,4795,1,0,0:0:0:0:
448,192,4795,1,0,0:0:0:0:
192,192,4875,1,0,0:0:0:0:
64,192,4955,1,0,0:0:0:0:
448,192,5036,1,0,0:0:0:0:
320,192,5116,1,0,0:0:0:0:
192,192,5197,1,0,0:0:0:0:
64,192,5277,1,0,0:0:0:0:
448,192,5358,1,0,0:0:0:0:
320,192,5438,1,0,0:0:0:0:
192,192,5438,1,0,0:0:0:0:
64,192,5518,1,0,0:0:0:0:
448,192,5599,1,0,0:0:0:0:
320,192,5679,1,0,0:0:0:0:
192,192,5760,1,0,0:0:0:0:
64,192,5840,1,0,0:0:0:0:
448,192,5921,1,0,0:0:0:0:
320,192,6001,1,0,0:0:0:0:
192,192,6081,1,0,0:0:0:0:
64,192,6081,1,0,0:0:0:0:
192,192,6367,1,0,0:0:0:0:
320,192,6367,1,0,0:0:0:0:
448,192,6367,1,0,0:0:0:0:
64,192,6654,1,0,0:0:0:0:
448,192,6654,1,0,0:0:0:0:
320,192,6845,128,0,7418:0:0:0:0:
192,192,6845,128,0,7800:0:0:0:0:
64,192,6845,128,0,8182:0:0:0:0:
448,192,7800,128,0,8373:0:0:0:0:
320,192,7991,128,0,8373:0:0:0:0:
192,192,8182,128,0,8373:0:0:0:0:
64,192,8373,128,0,9138:0:0:0:0:
192,192,9138,128,0,9790:0:0:0:0:
320,192,9790,1,0,0:0:0:0:
448,192,9790,1,0,0:0:0:0:
320,192,9983,1,0,0:0:0:0:
448,192,10177,1,0,0:0:0:0:
64,192,10177,1,0,0:0:0:0:
192,192,10177,1,0,0:0:0:0:
320,192,10273,1,0,0:0:0:0:
192,192,10370,1,0,0:0:0:0:
64,192,10564,1,0,0:0:0:0:
448,192,10564,1,0,0:0:0:0:
64,192,10757,1,0,0:0:0:0:
192,192,10951,1,0,0:0:0:0:
320,192,10951,1,0,0:0:0:0:
448,192,10951,1,0,0:0:0:0:
64,192,11048,1,0,0:0:0:0:
320,192,11144,1,0,0:0:0:0:
192,192,11338,1,0,0:0:0:0:
448,192,11338,1,0,0:0:0:0:
192,192,11531,1,0,0:0:0:0:
448,192,11725,1,0,0:0:0:0:
320,192,11725,1,0,0:0:0:0:
64,192,11725,1,0,0:0:0:0:
192,192,11822,1,0,0:0:0:0:
448,192,11919,1,0,0:0:0:0:
320,192,12112,1,0,0:0:0:0:
64,192,12112,1,0,0:0:0:0:
320,192,12306,1,0,0:0:0:0:
192,192,12499,1,0,0:0:0:0:
64,192,12499,1,0,0:0:0:0:
448,192,12499,1,0,0:0:0:0:
320,192,12596,1,0,0:0:0:0:
192,192,12693,1,0,0:0:0:0:
64,192,12886,1,0,0:0:0:0:
320,192,12886,1,0,0:0:0:0:
320,192,13080,1,0,0:0:0:0:
192,192,13273,1,0,0:0:0:0:
64,192,13273,1,0,0:0:0:0:
448,192,13273,1,0,0:0:0:0:
320,192,13370,1,0,0:0:0:0:
64,192,13467,1,0,0:0:0:0:
192,192,13660,1,0,0:0:0:0:
448,192,13660,1,0,0:0:0:0:
448,192,13854,1,0,0:0:0:0:
320,192,14048,1,0,0:0:0:0:
192,192,14048,1,0,0:0:0:0:
64,192,14048,1,0,0:0:0:0:
448,192,14144,1,0,0:0:0:0:
192,192,14241,1,0,0:0:0:0:
320,192,14435,1,0,0:0:0:0:
64,192,14435,1,0,0:0:0:0:
64,192,14628,1,0,0:0:0:0:
192,192,14822,1,0,0:0:0:0:
320,192,14822,1,0,0:0:0:0:
448,192,14822,1,0,0:0:0:0:
64,192,14919,1,0,0:0:0:0:
448,192,15015,1,0,0:0:0:0:
192,192,15112,1,0,0:0:0:0:
448,192,15209,1,0,0:0:0:0:
320,192,15209,1,0,0:0:0:0:
192,192,15402,1,0,0:0:0:0:
64,192,15402,1,0,0:0:0:0:
320,192,15402,1,0,0:0:0:0:
448,192,15596,1,0,0:0:0:0:
192,192,15695,1,0,0:0:0:0:
320,192,15794,1,0,0:0:0:0:
64,192,15794,1,0,0:0:0:0:
448,192,15794,1,0,0:0:0:0:
64,192,15992,1,0,0:0:0:0:
192,192,15992,1,0,0:0:0:0:
192,192,16185,1,0,0:0:0:0:
448,192,16379,1,0,0:0:0:0:
320,192,16379,1,0,0:0:0:0:
64,192,16379,1,0,0:0:0:0:
192,192,16475,1,0,0:0:0:0:
448,192,16572,1,0,0:0:0:0:
320,192,16669,1,0,0:0:0:0:
192,192,16766,1,0,0:0:0:0:
64,192,16766,1,0,0:0:0:0:
64,192,16959,1,0,0:0:0:0:
192,192,17153,1,0,0:0:0:0:
448,192,17153,1,0,0:0:0:0:
320,192,17250,1,0,0:0:0:0:
192,192,17346,1,0,0:0:0:0:
64,192,17443,1,0,0:0:0:0:
320,192,17540,1,0,0:0:0:0:
448,192,17540,1,0,0:0:0:0:
448,192,17733,1,0,0:0:0:0:
320,192,17927,1,0,0:0:0:0:
192,192,17927,1,0,0:0:0:0:
64,192,17927,1,0,0:0:0:0:
448,192,18024,1,0,0:0:0:0:
192,192,18121,1,0,0:0:0:0:
320,192,18217,1,0,0:0:0:0:
64,192,18314,1,0,0:0:0:0:
448,192,18314,1,0,0:0:0:0:
64,192,18508,1,0,0:0:0:0:
192,192,18701,1,0,0:0:0:0:
320,192,18701,1,0,0:0:0:0:
448,192,18701,1,0,0:0:0:0:
64,192,18798,1,0,0:0:0:0:
320,192,18895,1,0,0:0:0:0:
64,192,19088,1,0,0:0:0:0:
192,192,19088,1,0,0:0:0:0:
448,192,19088,1,0,0:0:0:0:
192,192,19282,1,0,0:0:0:0:
320,192,19475,1,0,0:0:0:0:
320,192,19669,1,0,0:0:0:0:
448,192,19669,1,0,0:0:0:0:
64,192,19669,1,0,0:0:0:0:
192,192,19862,1,0,0:0:0:0:
448,192,19959,1,0,0:0:0:0:
192,192,20056,1,0,0:0:0:0:
448,192,20250,1,0,0:0:0:0:
320,192,20250,1,0,0:0:0:0:
64,192,20250,1,0,0:0:0:0:
192,192,20346,1,0,0:0:0:0:
320,192,20443,1,0,0:0:0:0:
192,192,20637,1,0,0:0:0:0:
64,192,20637,1,0,0:0:0:0:
448,192,20637,1,0,0:0:0:0:
320,192,20733,1,0,0:0:0:0:
192,192,20830,1,0,0:0:0:0:
448,192,21024,1,0,0:0:0:0:
64,192,21217,1,0,0:0:0:0:
192,192,21412,1,0,0:0:0:0:
320,192,21412,1,0,0:0:0:0:
320,192,21605,1,0,0:0:0:0:
192,192,21799,1,0,0:0:0:0:
64,192,21799,1,0,0:0:0:0:
448,192,21799,1,0,0:0:0:0:
320,192,21895,1,0,0:0:0:0:
192,192,21992,1,0,0:0:0:0:
64,192,22186,1,0,0:0:0:0:
448,192,22186,1,0,0:0:0:0:
64,192,22379,1,0,0:0:0:0:
192,192,22573,1,0,0:0:0:0:
320,192,22573,1,0,0:0:0:0:
448,192,22573,1,0,0:0:0:0:
64,192,22670,1,0,0:0:0:0:
320,192,22766,1,0,0:0:0:0:
192,192,22960,1,0,0:0:0:0:
448,192,22960,1,0,0:0:0:0:
192,192,23153,1,0,0:0:0:0:
448,192,23347,1,0,0:0:0:0:
320,192,23347,1,0,0:0:0:0:
64,192,23347,1,0,0:0:0:0:
192,192,23444,1,0,0:0:0:0:
448,192,23541,1,0,0:0:0:0:
320,192,23734,1,0,0:0:0:0:
64,192,23734,1,0,0:0:0:0:
320,192,23928,1,0,0:0:0:0:
192,192,24121,1,0,0:0:0:0:
64,192,24121,1,0,0:0:0:0:
448,192,24121,1,0,0:0:0:0:
320,192,24218,1,0,0:0:0:0:
192,192,24315,1,0,0:0:0:0:
64,192,24508,1,0,0:0:0:0:
320,192,24508,1,0,0:0:0:0:
320,192,24702,1,0,0:0:0:0:
192,192,24895,1,0,0:0:0:0:
64,192,24895,1,0,0:0:0:0:
448,192,24895,1,0,0:0:0:0:
320,192,24992,1,0,0:0:0:0:
64,192,25089,1,0,0:0:0:0:
192,192,25282,1,0,0:0:0:0:
448,192,25282,1,0,0:0:0:0:
448,192,25476,1,0,0:0:0:0:
320,192,25670,1,0,0:0:0:0:
192,192,25670,1,0,0:0:0:0:
64,192,25670,1,0,0:0:0:0:
448,192,25766,1,0,0:0:0:0:
192,192,25863,1,0,0:0:0:0:
320,192,26057,1,0,0:0:0:0:
64,192,26057,1,0,0:0:0:0:
64,192,26250,1,0,0:0:0:0:
192,192,26444,1,0,0:0:0:0:
320,192,26444,1,0,0:0:0:0:
448,192,26444,1,0,0:0:0:0:
64,192,26541,1,0,0:0:0:0:
448,192,26637,1,0,0:0:0:0:
192,192,26734,1,0,0:0:0:0:
448,192,26831,1,0,0:0:0:0:
320,192,26831,1,0,0:0:0:0:
192,192,27024,1,0,0:0:0:0:
64,192,27024,1,0,0:0:0:0:
320,192,27024,1,0,0:0:0:0:
448,192,27218,1,0,0:0:0:0:
192,192,27315,1,0,0:0:0:0:
320,192,27411,1,0,0:0:0:0:
64,192,27411,1,0,0:0:0:0:
448,192,27411,1,0,0:0:0:0:
64,192,27605,1,0,0:0:0:0:
192,192,27605,1,0,0:0:0:0:
192,192,27799,1,0,0:0:0:0:
448,192,27992,1,0,0:0:0:0:
320,192,27992,1,0,0:0:0:0:
64,192,27992,1,0,0:0:0:0:
192,192,28089,1,0,0:0:0:0:
448,192,28186,1,0,0:0:0:0:
320,192,28282,1,0,0:0:0:0:
192,192,28379,1,0,0:0:0:0:
64,192,28379,1,0,0:0:0:0:
64,192,28573,1,0,0:0:0:0:
192,192,28766,1,0,0:0:0:0:
448,192,28766,1,0,0:0:0:0:
320,192,28863,1,0,0:0:0:0:
192,192,28960,1,0,0:0:0:0:
64,192,29057,1,0,0:0:0:0:
320,192,29153,1,0,0:0:0:0:
448,192,29153,1,0,0:0:0:0:
448,192,29347,1,0,0:0:0:0:
320,192,29541,1,0,0:0:0:0:
192,192,29541,1,0,0:0:0:0:
64,192,29541,1,0,0:0:0:0:
448,192,29637,1,0,0:0:0:0:
192,192,29734,1,0,0:0:0:0:
320,192,29831,1,0,0:0:0:0:
64,192,29928,1,0,0:0:0:0:
448,192,29928,1,0,0:0:0:0:
64,192,30121,1,0,0:0:0:0:
192,192,30315,1,0,0:0:0:0:
320,192,30315,1,0,0:0:0:0:
448,192,30315,1,0,0:0:0:0:
64,192,30411,1,0,0:0:0:0:
320,192,30508,1,0,0:0:0:0:
64,192,30702,1,0,0:0:0:0:
192,192,30702,1,0,0:0:0:0:
448,192,30702,1,0,0:0:0:0:
192,192,30895,1,0,0:0:0:0:
320,192,31089,1,0,0:0:0:0:
320,192,31282,1,0,0:0:0:0:
448,192,31282,1,0,0:0:0:0:
64,192,31282,1,0,0:0:0:0:
192,192,31476,1,0,0:0:0:0:
448,192,31573,1,0,0:0:0:0:
192,192,31670,1,0,0:0:0:0:
448,192,31863,1,0,0:0:0:0:
320,192,31863,1,0,0:0:0:0:
64,192,31863,1,0,0:0:0:0:
320,192,32057,1,0,0:0:0:0:
192,192,32250,1,0,0:0:0:0:
64,192,32250,1,0,0:0:0:0:
448,192,32250,1,0,0:0:0:0:
320,192,32347,1,0,0:0:0:0:
192,192,32444,1,0,0:0:0:0:
448,192,32637,1,0,0:0:0:0:
64,192,32831,1,0,0:0:0:0:
320,192,33024,1,0,0:0:0:0:
192,192,33218,1,0,0:0:0:0:
448,192,33411,1,0,0:0:0:0:
320,192,33411,1,0,0:0:0:0:
64,192,33411,1,0,0:0:0:0:
192,192,33605,1,0,0:0:0:0:
448,192,33799,1,0,0:0:0:0:
320,192,33799,1,0,0:0:0:0:
64,192,33799,1,0,0:0:0:0:
192,192,33895,1,0,0:0:0:0:
320,192,33992,1,0,0:0:0:0:
64,192,34089,1,0,0:0:0:0:
192,192,34186,1,0,0:0:0:0:
448,192,34186,1,0,0:0:0:0:
320,192,34186,1,0,0:0:0:0:
64,192,34379,1,0,0:0:0:0:
448,192,34379,1,0,0:0:0:0:
320,192,34476,1,0,0:0:0:0:
192,192,34573,1,0,0:0:0:0:
64,192,34670,1,0,0:0:0:0:
320,192,34766,1,0,0:0:0:0:
448,192,34863,1,0,0:0:0:0:
320,192,34960,1,0,0:0:0:0:
192,192,34960,1,0,0:0:0:0:
64,192,34960,1,0,0:0:0:0:
192,192,35153,1,0,0:0:0:0:
448,192,35347,1,0,0:0:0:0:
320,192,35347,1,0,0:0:0:0:
64,192,35347,1,0,0:0:0:0:
448,192,35637,1,0,0:0:0:0:
320,192,35637,1,0,0:0:0:0:
64,192,35637,1,0,0:0:0:0:
448,192,35928,1,0,0:0:0:0:
320,192,35928,1,0,0:0:0:0:
64,192,35928,1,0,0:0:0:0:
448,192,36121,1,0,0:0:0:0:
320,192,36121,1,0,0:0:0:0:
64,192,36121,1,0,0:0:0:0:
192,192,36315,1,0,0:0:0:0:
320,192,36508,1,0,0:0:0:0:
448,192,36508,1,0,0:0:0:0:
192,192,36702,1,0,0:0:0:0:
64,192,36702,1,0,0:0:0:0:
448,192,36702,1,0,0:0:0:0:
448,192,36895,1,0,0:0:0:0:
320,192,36895,1,0,0:0:0:0:
64,192,36895,1,0,0:0:0:0:
192,192,36992,1,0,0:0:0:0:
320,192,37089,1,0,0:0:0:0:
64,192,37186,1,0,0:0:0:0:
192,192,37282,1,0,0:0:0:0:
448,192,37282,1,0,0:0:0:0:
320,192,37282,1,0,0:0:0:0:
64,192,37476,1,0,0:0:0:0:
320,192,37476,1,0,0:0:0:0:
192,192,37573,1,0,0:0:0:0:
448,192,37670,1,0,0:0:0:0:
320,192,37766,1,0,0:0:0:0:
192,192,37863,1,0,0:0:0:0:
320,192,38057,1,0,0:0:0:0:
448,192,38057,1,0,0:0:0:0:
64,192,38057,1,0,0:0:0:0:
320,192,38250,1,0,0:0:0:0:
192,192,38444,1,0,0:0:0:0:
64,192,38444,1,0,0:0:0:0:
448,192,38444,1,0,0:0:0:0:
192,192,38734,1,0,0:0:0:0:
64,192,38734,1,0,0:0:0:0:
448,192,38734,1,0,0:0:0:0:
192,192,39024,1,0,0:0:0:0:
64,192,39024,1,0,0:0:0:0:
448,192,39024,1,0,0:0:0:0:
192,192,39218,1,0,0:0:0:0:
64,192,39218,1,0,0:0:0:0:
448,192,39218,1,0,0:0:0:0:
320,192,39605,1,0,0:0:0:0:
448,192,39605,1,0,0:0:0:0:
448,192,39799,1,0,0:0:0:0:
320,192,39799,1,0,0:0:0:0:
64,192,39799,1,0,0:0:0:0:
64,192,39992,1,0,0:0:0:0:
192,192,39992,1,0,0:0:0:0:
448,192,39992,1,0,0:0:0:0:
320,192,40089,1,0,0:0:0:0:
192,192,40186,1,0,0:0:0:0:
448,192,40379,1,0,0:0:0:0:
320,192,40379,1,0,0:0:0:0:
64,192,40379,1,0,0:0:0:0:
192,192,40476,1,0,0:0:0:0:
320,192,40573,1,0,0:0:0:0:
192,192,40766,1,0,0:0:0:0:
64,192,40766,1,0,0:0:0:0:
448,192,40766,1,0,0:0:0:0:
320,192,40863,1,0,0:0:0:0:
64,192,40960,1,0,0:0:0:0:
192,192,41153,1,0,0:0:0:0:
320,192,41153,1,0,0:0:0:0:
448,192,41153,1,0,0:0:0:0:
448,192,41347,1,0,0:0:0:0:
320,192,41541,1,0,0:0:0:0:
192,192,41541,1,0,0:0:0:0:
64,192,41541,1,0,0:0:0:0:
192,192,41734,1,0,0:0:0:0:
320,192,41831,1,0,0:0:0:0:
64,192,41928,1,0,0:0:0:0:
448,192,41928,1,0,0:0:0:0:
192,192,42024,1,0,0:0:0:0:
320,192,42121,1,0,0:0:0:0:
448,192,42218,1,0,0:0:0:0:
192,192,42315,1,0,0:0:0:0:
64,192,42315,1,0,0:0:0:0:
320,192,42315,1,0,0:0:0:0:
64,192,42508,1,0,0:0:0:0:
192,192,42702,1,0,0:0:0:0:
320,192,42702,1,0,0:0:0:0:
448,192,42702,1,0,0:0:0:0:
320,192,42895,1,0,0:0:0:0:
192,192,43089,1,0,0:0:0:0:
64,192,43089,1,0,0:0:0:0:
448,192,43089,1,0,0:0:0:0:
192,192,43282,1,0,0:0:0:0:
448,192,43476,1,0,0:0:0:0:
320,192,43476,1,0,0:0:0:0:
64,192,43476,1,0,0:0:0:0:
192,192,43573,1,0,0:0:0:0:
320,192,43670,1,0,0:0:0:0:
448,192,43766,1,0,0:0:0:0:
192,192,43863,1,0,0:0:0:0:
64,192,43863,1,0,0:0:0:0:
320,192,43863,1,0,0:0:0:0:
64,192,44057,1,0,0:0:0:0:
448,192,44250,1,0,0:0:0:0:
320,192,44250,1,0,0:0:0:0:
192,192,44250,1,0,0:0:0:0:
320,192,44444,1,0,0:0:0:0:
192,192,44637,1,0,0:0:0:0:
64,192,44637,1,0,0:0:0:0:
448,192,44637,1,0,0:0:0:0:
192,192,44831,1,0,0:0:0:0:
320,192,44928,1,0,0:0:0:0:
448,192,45024,1,0,0:0:0:0:
192,192,45024,1,0,0:0:0:0:
64,192,45024,1,0,0:0:0:0:
448,192,45218,1,0,0:0:0:0:
320,192,45315,1,0,0:0:0:0:
64,192,45411,1,0,0:0:0:0:
192,192,45411,1,0,0:0:0:0:
448,192,45411,1,0,0:0:0:0:
192,192,45605,1,0,0:0:0:0:
448,192,45799,1,0,0:0:0:0:
320,192,45799,1,0,0:0:0:0:
64,192,45799,1,0,0:0:0:0:
320,192,45992,1,0,0:0:0:0:
192,192,46186,1,0,0:0:0:0:
64,192,46186,1,0,0:0:0:0:
448,192,46186,1,0,0:0:0:0:
192,192,46379,1,0,0:0:0:0:
448,192,46573,1,0,0:0:0:0:
320,192,46573,1,0,0:0:0:0:
64,192,46573,1,0,0:0:0:0:
64,192,46766,1,0,0:0:0:0:
192,192,46960,1,0,0:0:0:0:
320,192,46960,1,0,0:0:0:0:
448,192,46960,1,0,0:0:0:0:
448,192,47153,1,0,0:0:0:0:
320,192,47347,1,0,0:0:0:0:
192,192,47347,1,0,0:0:0:0:
64,192,47347,1,0,0:0:0:0:
192,192,47541,1,0,0:0:0:0:
448,192,47734,1,0,0:0:0:0:
320,192,47734,1,0,0:0:0:0:
64,192,47734,1,0,0:0:0:0:
64,192,47928,1,0,0:0:0:0:
192,192,48024,1,0,0:0:0:0:
320,192,48121,1,0,0:0:0:0:
448,192,48121,1,0,0:0:0:0:
64,192,48218,1,0,0:0:0:0:
192,192,48315,1,0,0:0:0:0:
320,192,48411,1,0,0:0:0:0:
448,192,48508,1,0,0:0:0:0:
64,192,48508,1,0,0:0:0:0:
192,192,48605,1,0,0:0:0:0:
320,192,48702,1,0,0:0:0:0:
448,192,48799,1,0,0:0:0:0:
192,192,48895,1,0,0:0:0:0:
64,192,48895,1,0,0:0:0:0:
320,192,48992,1,0,0:0:0:0:
448,192,49089,1,0,0:0:0:0:
192,192,49186,1,0,0:0:0:0:
64,192,49282,1,0,0:0:0:0:
320,192,49282,1,0,0:0:0:0:
448,192,49282,1,0,0:0:0:0:
320,192,49657,128,0,49844:0:0:0:0:
448,192,49844,128,0,50032:0:0:0:0:
192,192,50032,128,0,50219:0:0:0:0:
64,192,50407,128,0,50594:0:0:0:0:
320,192,50782,128,0,50969:0:0:0:0:
192,192,51157,128,0,51344:0:0:0:0:
64,192,51532,128,0,51719:0:0:0:0:
448,192,51907,128,0,52094:0:0:0:0:
192,192,52282,1,0,0:0:0:0:
64,192,52282,1,0,0:0:0:0:
320,192,52282,1,0,0:0:0:0:
320,192,52657,128,0,52844:0:0:0:0:
448,192,52844,128,0,53032:0:0:0:0:
64,192,53032,128,0,53219:0:0:0:0:
320,192,53407,128,0,53594:0:0:0:0:
192,192,53782,1,0,0:0:0:0:
64,192,53782,1,0,0:0:0:0:
192,192,53969,1,0,0:0:0:0:
64,192,53969,1,0,0:0:0:0:
320,192,54157,1,0,0:0:0:0:
448,192,54157,128,0,54344:0:0:0:0:
192,192,54532,1,0,0:0:0:0:
64,192,54532,1,0,0:0:0:0:
192,192,54719,1,0,0:0:0:0:
448,192,54719,1,0,0:0:0:0:
448,192,54907,1,0,0:0:0:0:
320,192,54907,128,0,55094:0:0:0:0:
64,192,55282,128,0,56782:0:0:0:0:
192,192,55282,1,0,0:0:0:0:
320,192,55282,1,0,0:0:0:0:
320,192,55657,128,0,55844:0:0:0:0:
448,192,55844,128,0,56032:0:0:0:0:
192,192,56032,128,0,56219:0:0:0:0:
320,192,56407,128,0,56594:0:0:0:0:
448,192,56782,1,0,0:0:0:0:
320,192,56782,1,0,0:0:0:0:
192,192,56907,1,0,0:0:0:0:
320,192,57032,1,0,0:0:0:0:
448,192,57157,1,0,0:0:0:0:
64,192,57157,1,0,0:0:0:0:
192,192,57282,1,0,0:0:0:0:
320,192,57407,1,0,0:0:0:0:
448,192,57532,1,0,0:0:0:0:
64,192,57532,1,0,0:0:0:0:
320,192,57657,1,0,0:0:0:0:
192,192,57782,1,0,0:0:0:0:
64,192,57907,1,0,0:0:0:0:
320,192,57907,1,0,0:0:0:0:
448,192,58032,1,0,0:0:0:0:
192,192,58157,1,0,0:0:0:0:
64,192,58282,1,0,0:0:0:0:
320,192,58282,1,0,0:0:0:0:
448,192,58282,1,0,0:0:0:0:
320,192,58657,128,0,58844:0:0:0:0:
448,192,58844,128,0,59032:0:0:0:0:
64,192,59032,128,0,59219:0:0:0:0:
320,192,59407,128,0,59594:0:0:0:0:
192,192,59782,128,0,59969:0:0:0:0:
448,192,59782,1,0,0:0:0:0:
64,192,59782,1,0,0:0:0:0:
448,192,60157,128,0,60344:0:0:0:0:
320,192,60532,128,0,60782:0:0:0:0:
192,192,60532,1,0,0:0:0:0:
64,192,60532,1,0,0:0:0:0:
192,192,60782,128,0,61032:0:0:0:0:
64,192,61032,128,0,61282:0:0:0:0:
192,192,61282,1,0,0:0:0:0:
320,192,61282,1,0,0:0:0:0:
448,192,61282,1,0,0:0:0:0:
448,192,61469,1,0,0:0:0:0:
320,192,61657,1,0,0:0:0:0:
64,192,61844,1,0,0:0:0:0:
192,192,62032,1,0,0:0:0:0:
320,192,62032,1,0,0:0:0:0:
448,192,62032,1,0,0:0:0:0:
192,192,62219,1,0,0:0:0:0:
448,192,62407,1,0,0:0:0:0:
320,192,62594,1,0,0:0:0:0:
64,192,62594,1,0,0:0:0:0:
64,192,62782,1,0,0:0:0:0:
192,192,62969,1,0,0:0:0:0:
448,192,62969,1,0,0:0:0:0:
448,192,63157,1,0,0:0:0:0:
320,192,63344,1,0,0:0:0:0:
64,192,63532,1,0,0:0:0:0:
192,192,63532,1,0,0:0:0:0:
448,192,63532,1,0,0:0:0:0:
320,192,63719,1,0,0:0:0:0:
64,192,63907,1,0,0:0:0:0:
192,192,64094,1,0,0:0:0:0:
320,192,64188,1,0,0:0:0:0:
448,192,64282,1,0,0:0:0:0:
64,192,64282,1,0,0:0:0:0:
448,192,64469,1,0,0:0:0:0:
192,192,64657,1,0,0:0:0:0:
320,192,64844,1,0,0:0:0:0:
192,192,65032,1,0,0:0:0:0:
64,192,65032,1,0,0:0:0:0:
448,192,65032,1,0,0:0:0:0:
64,192,65219,1,0,0:0:0:0:
320,192,65407,1,0,0:0:0:0:
192,192,65500,1,0,0:0:0:0:
320,192,65594,1,0,0:0:0:0:
448,192,65594,1,0,0:0:0:0:
64,192,65782,1,0,0:0:0:0:
192,192,65875,1,0,0:0:0:0:
320,192,65969,1,0,0:0:0:0:
448,192,65969,1,0,0:0:0:0:
64,192,66157,1,0,0:0:0:0:
320,192,66250,1,0,0:0:0:0:
64,192,66344,1,0,0:0:0:0:
320,192,66532,1,0,0:0:0:0:
448,192,66532,1,0,0:0:0:0:
192,192,66532,1,0,0:0:0:0:
64,192,66625,1,0,0:0:0:0:
448,192,66719,1,0,0:0:0:0:
320,192,66907,1,0,0:0:0:0:
64,192,67094,1,0,0:0:0:0:
192,192,67188,1,0,0:0:0:0:
64,192,67282,1,0,0:0:0:0:
320,192,67282,1,0,0:0:0:0:
448,192,67282,1,0,0:0:0:0:
320,192,67469,1,0,0:0:0:0:
192,192,67657,1,0,0:0:0:0:
448,192,67844,1,0,0:0:0:0:
320,192,68032,1,0,0:0:0:0:
192,192,68032,1,0,0:0:0:0:
64,192,68032,1,0,0:0:0:0:
320,192,68219,1,0,0:0:0:0:
192,192,68407,1,0,0:0:0:0:
320,192,68594,1,0,0:0:0:0:
448,192,68594,1,0,0:0:0:0:
448,192,68782,1,0,0:0:0:0:
64,192,68969,1,0,0:0:0:0:
192,192,68969,1,0,0:0:0:0:
64,192,69157,1,0,0:0:0:0:
192,192,69344,1,0,0:0:0:0:
448,192,69532,1,0,0:0:0:0:
320,192,69532,1,0,0:0:0:0:
64,192,69532,1,0,0:0:0:0:
448,192,69719,1,0,0:0:0:0:
320,192,69907,1,0,0:0:0:0:
64,192,70094,1,0,0:0:0:0:
192,192,70188,1,0,0:0:0:0:
320,192,70282,1,0,0:0:0:0:
64,192,70282,1,0,0:0:0:0:
448,192,70475,1,0,0:0:0:0:
320,192,70475,1,0,0:0:0:0:
192,192,70572,1,0,0:0:0:0:
64,192,70669,1,0,0:0:0:0:
448,192,70669,1,0,0:0:0:0:
192,192,70862,1,0,0:0:0:0:
64,192,70862,1,0,0:0:0:0:
320,192,71056,1,0,0:0:0:0:
448,192,71056,1,0,0:0:0:0:
192,192,71249,1,0,0:0:0:0:
64,192,71249,1,0,0:0:0:0:
320,192,71443,1,0,0:0:0:0:
448,192,71636,1,0,0:0:0:0:
192,192,71830,1,0,0:0:0:0:
64,192,71830,1,0,0:0:0:0:
320,192,71830,1,0,0:0:0:0:
320,192,72023,1,0,0:0:0:0:
192,192,72217,1,0,0:0:0:0:
64,192,72217,1,0,0:0:0:0:
448,192,72217,1,0,0:0:0:0:
320,192,72314,1,0,0:0:0:0:
192,192,72411,1,0,0:0:0:0:
64,192,72604,1,0,0:0:0:0:
448,192,72604,1,0,0:0:0:0:
64,192,72798,1,0,0:0:0:0:
192,192,72991,1,0,0:0:0:0:
320,192,72991,1,0,0:0:0:0:
448,192,72991,1,0,0:0:0:0:
64,192,73088,1,0,0:0:0:0:
320,192,73185,1,0,0:0:0:0:
192,192,73378,1,0,0:0:0:0:
448,192,73378,1,0,0:0:0:0:
192,192,73572,1,0,0:0:0:0:
448,192,73765,1,0,0:0:0:0:
320,192,73765,1,0,0:0:0:0:
64,192,73765,1,0,0:0:0:0:
192,192,73862,1,0,0:0:0:0:
448,192,73959,1,0,0:0:0:0:
320,192,74152,1,0,0:0:0:0:
64,192,74152,1,0,0:0:0:0:
320,192,74346,1,0,0:0:0:0:
192,192,74540,1,0,0:0:0:0:
64,192,74540,1,0,0:0:0:0:
448,192,74540,1,0,0:0:0:0:
320,192,74636,1,0,0:0:0:0:
192,192,74733,1,0,0:0:0:0:
64,192,74927,1,0,0:0:0:0:
320,192,74927,1,0,0:0:0:0:
320,192,75120,1,0,0:0:0:0:
192,192,75314,1,0,0:0:0:0:
64,192,75314,1,0,0:0:0:0:
448,192,75314,1,0,0:0:0:0:
320,192,75411,1,0,0:0:0:0:
64,192,75507,1,0,0:0:0:0:
192,192,75701,1,0,0:0:0:0:
448,192,75701,1,0,0:0:0:0:
448,192,75894,1,0,0:0:0:0:
320,192,76088,1,0,0:0:0:0:
192,192,76088,1,0,0:0:0:0:
64,192,76088,1,0,0:0:0:0:
448,192,76185,1,0,0:0:0:0:
192,192,76282,1,0,0:0:0:0:
320,192,76475,1,0,0:0:0:0:
64,192,76475,1,0,0:0:0:0:
64,192,76669,1,0,0:0:0:0:
192,192,76862,1,0,0:0:0:0:
320,192,76862,1,0,0:0:0:0:
448,192,76862,1,0,0:0:0:0:
64,192,76959,1,0,0:0:0:0:
448,192,77056,1,0,0:0:0:0:
192,192,77152,1,0,0:0:0:0:
448,192,77249,1,0,0:0:0:0:
320,192,77249,1,0,0:0:0:0:
192,192,77443,1,0,0:0:0:0:
64,192,77443,1,0,0:0:0:0:
320,192,77443,1,0,0:0:0:0:
448,192,77636,1,0,0:0:0:0:
192,192,77733,1,0,0:0:0:0:
320,192,77830,1,0,0:0:0:0:
64,192,77830,1,0,0:0:0:0:
448,192,77830,1,0,0:0:0:0:
64,192,78023,1,0,0:0:0:0:
192,192,78023,1,0,0:0:0:0:
192,192,78217,1,0,0:0:0:0:
448,192,78411,1,0,0:0:0:0:
320,192,78411,1,0,0:0:0:0:
64,192,78411,1,0,0:0:0:0:
192,192,78507,1,0,0:0:0:0:
448,192,78604,1,0,0:0:0:0:
320,192,78701,1,0,0:0:0:0:
192,192,78798,1,0,0:0:0:0:
64,192,78798,1,0,0:0:0:0:
64,192,78991,1,0,0:0:0:0:
192,192,79185,1,0,0:0:0:0:
448,192,79185,1,0,0:0:0:0:
320,192,79281,1,0,0:0:0:0:
192,192,79378,1,0,0:0:0:0:
64,192,79475,1,0,0:0:0:0:
320,192,79572,1,0,0:0:0:0:
448,192,79572,1,0,0:0:0:0:
448,192,79765,1,0,0:0:0:0:
320,192,79959,1,0,0:0:0:0:
192,192,79959,1,0,0:0:0:0:
64,192,79959,1,0,0:0:0:0:
448,192,80056,1,0,0:0:0:0:
192,192,80152,1,0,0:0:0:0:
320,192,80249,1,0,0:0:0:0:
64,192,80346,1,0,0:0:0:0:
448,192,80346,1,0,0:0:0:0:
64,192,80540,1,0,0:0:0:0:
192,192,80733,1,0,0:0:0:0:
320,192,80733,1,0,0:0:0:0:
448,192,80733,1,0,0:0:0:0:
64,192,80830,1,0,0:0:0:0:
320,192,80927,1,0,0:0:0:0:
64,192,81120,1,0,0:0:0:0:
192,192,81120,1,0,0:0:0:0:
448,192,81120,1,0,0:0:0:0:
192,192,81314,1,0,0:0:0:0:
320,192,81507,1,0,0:0:0:0:
320,192,81701,1,0,0:0:0:0:
448,192,81701,1,0,0:0:0:0:
64,192,81701,1,0,0:0:0:0:
192,192,81894,1,0,0:0:0:0:
448,192,81991,1,0,0:0:0:0:
192,192,82088,1,0,0:0:0:0:
448,192,82281,1,0,0:0:0:0:
320,192,82281,1,0,0:0:0:0:
64,192,82281,1,0,0:0:0:0:
192,192,82378,1,0,0:0:0:0:
320,192,82475,1,0,0:0:0:0:
192,192,82669,1,0,0:0:0:0:
64,192,82669,1,0,0:0:0:0:
448,192,82669,1,0,0:0:0:0:
320,192,82765,1,0,0:0:0:0:
192,192,82862,1,0,0:0:0:0:
448,192,83056,1,0,0:0:0:0:
320,192,83056,1,0,0:0:0:0:
64,192,83056,1,0,0:0:0:0:
64,192,83249,1,0,0:0:0:0:
192,192,83443,1,0,0:0:0:0:
320,192,83443,1,0,0:0:0:0:
448,192,83443,1,0,0:0:0:0:
320,192,83636,1,0,0:0:0:0:
192,192,83830,1,0,0:0:0:0:
64,192,83830,1,0,0:0:0:0:
448,192,83830,1,0,0:0:0:0:
320,192,83926,1,0,0:0:0:0:
192,192,84023,1,0,0:0:0:0:
64,192,84217,1,0,0:0:0:0:
448,192,84217,1,0,0:0:0:0:
64,192,84410,1,0,0:0:0:0:
192,192,84604,1,0,0:0:0:0:
320,192,84604,1,0,0:0:0:0:
448,192,84604,1,0,0:0:0:0:
64,192,84701,1,0,0:0:0:0:
320,192,84797,1,0,0:0:0:0:
192,192,84991,1,0,0:0:0:0:
448,192,84991,1,0,0:0:0:0:
192,192,85184,1,0,0:0:0:0:
448,192,85378,1,0,0:0:0:0:
320,192,85378,1,0,0:0:0:0:
64,192,85378,1,0,0:0:0:0:
192,192,85475,1,0,0:0:0:0:
448,192,85572,1,0,0:0:0:0:
320,192,85765,1,0,0:0:0:0:
64,192,85765,1,0,0:0:0:0:
320,192,85959,1,0,0:0:0:0:
192,192,86152,1,0,0:0:0:0:
64,192,86152,1,0,0:0:0:0:
448,192,86152,1,0,0:0:0:0:
320,192,86249,1,0,0:0:0:0:
192,192,86346,1,0,0:0:0:0:
64,192,86539,1,0,0:0:0:0:
320,192,86539,1,0,0:0:0:0:
320,192,86733,1,0,0:0:0:0:
192,192,86926,1,0,0:0:0:0:
64,192,86926,1,0,0:0:0:0:
448,192,86926,1,0,0:0:0:0:
320,192,87023,1,0,0:0:0:0:
64,192,87120,1,0,0:0:0:0:
192,192,87313,1,0,0:0:0:0:
448,192,87313,1,0,0:0:0:0:
448,192,87507,1,0,0:0:0:0:
320,192,87701,1,0,0:0:0:0:
192,192,87701,1,0,0:0:0:0:
64,192,87701,1,0,0:0:0:0:
448,192,87797,1,0,0:0:0:0:
192,192,87894,1,0,0:0:0:0:
320,192,88088,1,0,0:0:0:0:
64,192,88088,1,0,0:0:0:0:
64,192,88281,1,0,0:0:0:0:
192,192,88475,1,0,0:0:0:0:
320,192,88475,1,0,0:0:0:0:
448,192,88475,1,0,0:0:0:0:
64,192,88572,1,0,0:0:0:0:
448,192,88668,1,0,0:0:0:0:
192,192,88765,1,0,0:0:0:0:
448,192,88862,1,0,0:0:0:0:
320,192,88862,1,0,0:0:0:0:
192,192,89055,1,0,0:0:0:0:
64,192,89055,1,0,0:0:0:0:
320,192,89055,1,0,0:0:0:0:
448,192,89249,1,0,0:0:0:0:
192,192,89346,1,0,0:0:0:0:
320,192,89443,1,0,0:0:0:0:
64,192,89443,1,0,0:0:0:0:
448,192,89443,1,0,0:0:0:0:
64,192,89636,1,0,0:0:0:0:
192,192,89636,1,0,0:0:0:0:
192,192,89830,1,0,0:0:0:0:
448,192,90023,1,0,0:0:0:0:
320,192,90023,1,0,0:0:0:0:
64,192,90023,1,0,0:0:0:0:
192,192,90120,1,0,0:0:0:0:
448,192,90217,1,0,0:0:0:0:
320,192,90313,1,0,0:0:0:0:
192,192,90410,1,0,0:0:0:0:
64,192,90410,1,0,0:0:0:0:
192,192,90797,1,0,0:0:0:0:
448,192,90797,1,0,0:0:0:0:
64,192,90797,1,0,0:0:0:0:
320,192,90894,1,0,0:0:0:0:
192,192,90991,1,0,0:0:0:0:
320,192,91088,1,0,0:0:0:0:
192,192,91184,1,0,0:0:0:0:
448,192,91184,1,0,0:0:0:0:
448,192,91572,1,0,0:0:0:0:
192,192,91572,1,0,0:0:0:0:
64,192,91572,1,0,0:0:0:0:
320,192,91668,1,0,0:0:0:0:
64,192,91765,1,0,0:0:0:0:
320,192,91862,1,0,0:0:0:0:
64,192,91959,1,0,0:0:0:0:
448,192,91959,1,0,0:0:0:0:
192,192,92346,1,0,0:0:0:0:
320,192,92346,1,0,0:0:0:0:
448,192,92346,1,0,0:0:0:0:
64,192,92442,1,0,0:0:0:0:
320,192,92539,1,0,0:0:0:0:
64,192,92733,1,0,0:0:0:0:
192,192,92733,1,0,0:0:0:0:
448,192,92733,1,0,0:0:0:0:
192,192,92926,1,0,0:0:0:0:
320,192,93120,1,0,0:0:0:0:
320,192,93313,1,0,0:0:0:0:
448,192,93313,1,0,0:0:0:0:
64,192,93313,1,0,0:0:0:0:
192,192,93507,1,0,0:0:0:0:
448,192,93604,1,0,0:0:0:0:
192,192,93701,1,0,0:0:0:0:
448,192,93894,1,0,0:0:0:0:
320,192,93894,1,0,0:0:0:0:
64,192,93894,1,0,0:0:0:0:
320,192,94088,1,0,0:0:0:0:
192,192,94281,1,0,0:0:0:0:
64,192,94281,1,0,0:0:0:0:
448,192,94281,1,0,0:0:0:0:
320,192,94378,1,0,0:0:0:0:
192,192,94475,1,0,0:0:0:0:
448,192,94668,1,0,0:0:0:0:
64,192,94862,1,0,0:0:0:0:
320,192,95055,1,0,0:0:0:0:
192,192,95249,1,0,0:0:0:0:
448,192,95442,1,0,0:0:0:0:
320,192,95442,1,0,0:0:0:0:
64,192,95442,1,0,0:0:0:0:
192,192,95636,1,0,0:0:0:0:
448,192,95830,1,0,0:0:0:0:
320,192,95830,1,0,0:0:0:0:
64,192,95830,1,0,0:0:0:0:
192,192,95926,1,0,0:0:0:0:
320,192,96023,1,0,0:0:0:0:
64,192,96120,1,0,0:0:0:0:
192,192,96217,1,0,0:0:0:0:
448,192,96217,1,0,0:0:0:0:
320,192,96217,1,0,0:0:0:0:
64,192,96410,1,0,0:0:0:0:
448,192,96410,1,0,0:0:0:0:
320,192,96507,1,0,0:0:0:0:
192,192,96604,1,0,0:0:0:0:
64,192,96701,1,0,0:0:0:0:
320,192,96797,1,0,0:0:0:0:
448,192,96894,1,0,0:0:0:0:
320,192,96991,1,0,0:0:0:0:
192,192,96991,1,0,0:0:0:0:
64,192,96991,1,0,0:0:0:0:
192,192,97184,1,0,0:0:0:0:
448,192,97378,1,0,0:0:0:0:
320,192,97378,1,0,0:0:0:0:
64,192,97378,1,0,0:0:0:0:
448,192,97668,1,0,0:0:0:0:
320,192,97668,1,0,0:0:0:0:
64,192,97668,1,0,0:0:0:0:
448,192,97959,1,0,0:0:0:0:
320,192,97959,1,0,0:0:0:0:
64,192,97959,1,0,0:0:0:0:
448,192,98152,1,0,0:0:0:0:
320,192,98152,1,0,0:0:0:0:
64,192,98152,1,0,0:0:0:0:
192,192,98346,1,0,0:0:0:0:
320,192,98539,1,0,0:0:0:0:
448,192,98539,1,0,0:0:0:0:
192,192,98733,1,0,0:0:0:0:
64,192,98733,1,0,0:0:0:0:
448,192,98733,1,0,0:0:0:0:
448,192,98926,1,0,0:0:0:0:
320,192,98926,1,0,0:0:0:0:
64,192,98926,1,0,0:0:0:0:
192,192,99023,1,0,0:0:0:0:
320,192,99120,1,0,0:0:0:0:
64,192,99217,1,0,0:0:0:0:
192,192,99313,1,0,0:0:0:0:
448,192,99313,1,0,0:0:0:0:
320,192,99313,1,0,0:0:0:0:
64,192,99507,1,0,0:0:0:0:
320,192,99507,1,0,0:0:0:0:
192,192,99604,1,0,0:0:0:0:
448,192,99701,1,0,0:0:0:0:
320,192,99797,1,0,0:0:0:0:
192,192,99894,1,0,0:0:0:0:
64,192,99894,1,0,0:0:0:0:
320,192,100088,1,0,0:0:0:0:
448,192,100088,1,0,0:0:0:0:
64,192,100088,1,0,0:0:0:0:
320,192,100281,1,0,0:0:0:0:
192,192,100475,1,0,0:0:0:0:
64,192,100475,1,0,0:0:0:0:
448,192,100475,1,0,0:0:0:0:
192,192,100765,1,0,0:0:0:0:
64,192,100765,1,0,0:0:0:0:
448,192,100765,1,0,0:0:0:0:
192,192,101055,1,0,0:0:0:0:
64,192,101055,1,0,0:0:0:0:
448,192,101055,1,0,0:0:0:0:
192,192,101249,1,0,0:0:0:0:
64,192,101249,1,0,0:0:0:0:
448,192,101249,1,0,0:0:0:0:
320,192,101636,1,0,0:0:0:0:
448,192,101636,1,0,0:0:0:0:
448,192,101830,1,0,0:0:0:0:
320,192,101830,1,0,0:0:0:0:
64,192,101830,1,0,0:0:0:0:
64,192,102023,1,0,0:0:0:0:
192,192,102023,1,0,0:0:0:0:
448,192,102023,1,0,0:0:0:0:
320,192,102120,1,0,0:0:0:0:
192,192,102217,1,0,0:0:0:0:
448,192,102410,1,0,0:0:0:0:
320,192,102410,1,0,0:0:0:0:
64,192,102410,1,0,0:0:0:0:
192,192,102507,1,0,0:0:0:0:
320,192,102604,1,0,0:0:0:0:
192,192,102797,1,0,0:0:0:0:
64,192,102797,1,0,0:0:0:0:
448,192,102797,1,0,0:0:0:0:
320,192,102894,1,0,0:0:0:0:
64,192,102991,1,0,0:0:0:0:
192,192,103184,1,0,0:0:0:0:
320,192,103184,1,0,0:0:0:0:
448,192,103184,1,0,0:0:0:0:
448,192,103378,1,0,0:0:0:0:
320,192,103572,1,0,0:0:0:0:
192,192,103572,1,0,0:0:0:0:
64,192,103572,1,0,0:0:0:0:
192,192,103765,1,0,0:0:0:0:
320,192,103862,1,0,0:0:0:0:
64,192,103959,1,0,0:0:0:0:
448,192,103959,1,0,0:0:0:0:
192,192,104055,1,0,0:0:0:0:
320,192,104152,1,0,0:0:0:0:
448,192,104249,1,0,0:0:0:0:
192,192,104346,1,0,0:0:0:0:
64,192,104346,1,0,0:0:0:0:
320,192,104346,1,0,0:0:0:0:
64,192,104539,1,0,0:0:0:0:
192,192,104733,1,0,0:0:0:0:
320,192,104733,1,0,0:0:0:0:
448,192,104733,1,0,0:0:0:0:
320,192,104926,1,0,0:0:0:0:
192,192,105120,1,0,0:0:0:0:
64,192,105120,1,0,0:0:0:0:
448,192,105120,1,0,0:0:0:0:
64,192,105326,1,0,0:0:0:0:
320,192,105533,1,0,0:0:0:0:
192,192,105740,1,0,0:0:0:0:
448,192,105947,1,0,0:0:0:0:
320,192,106154,1,0,0:0:0:0:
64,192,106361,1,0,0:0:0:0:
192,192,106568,1,0,0:0:0:0:
320,192,106671,1,0,0:0:0:0:
448,192,106775,1,0,0:0:0:0:
192,192,106982,1,0,0:0:0:0:
320,192,107395,1,0,0:0:0:0:
64,192,107809,1,0,0:0:0:0:
64,192,108016,1,0,0:0:0:0:
448,192,108223,1,0,0:0:0:0:
192,192,108430,1,0,0:0:0:0:
320,192,108637,1,0,0:0:0:0:
64,192,108844,1,0,0:0:0:0:
448,192,109051,1,0,0:0:0:0:
192,192,109257,1,0,0:0:0:0:
320,192,109464,1,0,0:0:0:0:
64,192,109671,1,0,0:0:0:0:
448,192,109878,1,0,0:0:0:0:
320,192,109982,1,0,0:0:0:0:
192,192,110085,1,0,0:0:0:0:
448,192,110292,1,0,0:0:0:0:
64,192,110706,1,0,0:0:0:0:
192,192,111326,1,0,0:0:0:0:
448,192,111533,1,0,0:0:0:0:
320,192,111740,1,0,0:0:0:0:
320,192,111947,1,0,0:0:0:0:
64,192,112154,1,0,0:0:0:0:
64,192,112361,1,0,0:0:0:0:
192,192,112568,1,0,0:0:0:0:
192,192,112775,1,0,0:0:0:0:
448,192,112982,1,0,0:0:0:0:
448,192,113188,1,0,0:0:0:0:
320,192,113395,1,0,0:0:0:0:
320,192,113602,1,0,0:0:0:0:
64,192,113809,1,0,0:0:0:0:
64,192,114016,1,0,0:0:0:0:
192,192,114223,1,0,0:0:0:0:
192,192,114430,1,0,0:0:0:0:
320,192,114637,1,0,0:0:0:0:
320,192,114844,1,0,0:0:0:0:
448,192,115051,1,0,0:0:0:0:
448,192,115257,1,0,0:0:0:0:
192,192,115361,1,0,0:0:0:0:
64,192,115464,1,0,0:0:0:0:
320,192,115568,1,0,0:0:0:0:
64,192,115671,1,0,0:0:0:0:
320,192,115775,1,0,0:0:0:0:
192,192,115878,1,0,0:0:0:0:
448,192,115982,1,0,0:0:0:0:
192,192,116085,1,0,0:0:0:0:
448,192,116188,1,0,0:0:0:0:
320,192,116292,1,0,0:0:0:0:
192,192,116395,1,0,0:0:0:0:
320,192,116499,1,0,0:0:0:0:
192,192,116602,1,0,0:0:0:0:
448,192,116706,1,0,0:0:0:0:
64,192,116809,1,0,0:0:0:0:
448,192,116913,1,0,0:0:0:0:
64,192,117016,1,0,0:0:0:0:
192,192,117119,1,0,0:0:0:0:
320,192,117223,1,0,0:0:0:0:
192,192,117326,1,0,0:0:0:0:
320,192,117430,1,0,0:0:0:0:
192,192,117533,1,0,0:0:0:0:
64,192,117533,1,0,0:0:0:0:
320,192,117637,1,0,0:0:0:0:
448,192,117740,1,0,0:0:0:0:
192,192,117844,1,0,0:0:0:0:
64,192,117947,1,0,0:0:0:0:
320,192,117947,1,0,0:0:0:0:
448,192,118051,1,0,0:0:0:0:
192,192,118154,1,0,0:0:0:0:
64,192,118257,1,0,0:0:0:0:
448,192,118361,1,0,0:0:0:0:
320,192,118361,1,0,0:0:0:0:
192,192,118775,1,0,0:0:0:0:
64,192,118775,1,0,0:0:0:0:
448,192,118775,1,0,0:0:0:0:
192,192,118982,1,0,0:0:0:0:
448,192,119188,1,0,0:0:0:0:
320,192,119188,1,0,0:0:0:0:
64,192,119188,1,0,0:0:0:0:
320,192,119395,1,0,0:0:0:0:
192,192,119602,1,0,0:0:0:0:
64,192,119602,1,0,0:0:0:0:
448,192,119602,1,0,0:0:0:0:
192,192,119809,1,0,0:0:0:0:
320,192,119913,1,0,0:0:0:0:
448,192,120016,1,0,0:0:0:0:
192,192,120016,1,0,0:0:0:0:
64,192,120016,1,0,0:0:0:0:
448,192,120209,1,0,0:0:0:0:
320,192,120306,1,0,0:0:0:0:
192,192,120403,1,0,0:0:0:0:
64,192,120403,1,0,0:0:0:0:
448,192,120403,1,0,0:0:0:0:
64,192,120596,1,0,0:0:0:0:
320,192,120693,1,0,0:0:0:0:
192,192,120790,1,0,0:0:0:0:
448,192,120790,1,0,0:0:0:0:
64,192,120790,1,0,0:0:0:0:
192,192,120990,1,0,0:0:0:0:
448,192,121190,1,0,0:0:0:0:
320,192,121190,1,0,0:0:0:0:
64,192,121190,1,0,0:0:0:0:
320,192,121390,1,0,0:0:0:0:
192,192,121590,1,0,0:0:0:0:
64,192,121590,1,0,0:0:0:0:
448,192,121590,1,0,0:0:0:0:
192,192,121786,1,0,0:0:0:0:
448,192,121983,1,0,0:0:0:0:
320,192,121983,1,0,0:0:0:0:
64,192,121983,1,0,0:0:0:0:
64,192,122180,1,0,0:0:0:0:
192,192,122376,1,0,0:0:0:0:
320,192,122376,1,0,0:0:0:0:
448,192,122376,1,0,0:0:0:0:
448,192,122573,1,0,0:0:0:0:
320,192,122671,1,0,0:0:0:0:
192,192,122770,1,0,0:0:0:0:
64,192,122770,1,0,0:0:0:0:
448,192,122770,1,0,0:0:0:0:
64,192,122967,1,0,0:0:0:0:
192,192,123065,1,0,0:0:0:0:
320,192,123163,1,0,0:0:0:0:
448,192,123163,1,0,0:0:0:0:
64,192,123163,1,0,0:0:0:0:
320,192,123360,1,0,0:0:0:0:
192,192,123458,1,0,0:0:0:0:
320,192,123557,1,0,0:0:0:0:
448,192,123557,1,0,0:0:0:0:
64,192,123557,1,0,0:0:0:0:
448,192,123753,1,0,0:0:0:0:
192,192,123852,1,0,0:0:0:0:
320,192,123950,1,0,0:0:0:0:
448,192,123950,1,0,0:0:0:0:
64,192,123950,1,0,0:0:0:0:
64,192,124147,1,0,0:0:0:0:
192,192,124344,1,0,0:0:0:0:
320,192,124344,1,0,0:0:0:0:
448,192,124344,1,0,0:0:0:0:
320,192,124540,1,0,0:0:0:0:
192,192,124737,1,0,0:0:0:0:
64,192,124737,1,0,0:0:0:0:
448,192,124737,1,0,0:0:0:0:
192,192,124924,1,0,0:0:0:0:
448,192,125112,1,0,0:0:0:0:
320,192,125112,1,0,0:0:0:0:
64,192,125112,1,0,0:0:0:0:
448,192,125299,1,0,0:0:0:0:
320,192,125487,1,0,0:0:0:0:
192,192,125487,1,0,0:0:0:0:
64,192,125487,1,0,0:0:0:0:
64,192,125674,1,0,0:0:0:0:
192,192,125862,1,0,0:0:0:0:
320,192,125862,1,0,0:0:0:0:
448,192,125862,1,0,0:0:0:0:
320,192,126049,1,0,0:0:0:0:
192,192,126143,1,0,0:0:0:0:
320,192,126237,1,0,0:0:0:0:
448,192,126237,1,0,0:0:0:0:
64,192,126237,1,0,0:0:0:0:
64,192,126424,1,0,0:0:0:0:
320,192,126518,1,0,0:0:0:0:
192,192,126612,1,0,0:0:0:0:
64,192,126612,1,0,0:0:0:0:
448,192,126612,1,0,0:0:0:0:
448,192,126799,1,0,0:0:0:0:
192,192,126893,1,0,0:0:0:0:
320,192,126987,1,0,0:0:0:0:
64,192,126987,1,0,0:0:0:0:
448,192,126987,1,0,0:0:0:0:
64,192,127174,1,0,0:0:0:0:
192,192,127362,1,0,0:0:0:0:
320,192,127362,1,0,0:0:0:0:
448,192,127362,1,0,0:0:0:0:
320,192,127528,1,0,0:0:0:0:
192,192,127695,1,0,0:0:0:0:
64,192,127695,1,0,0:0:0:0:
448,192,127695,1,0,0:0:0:0:
64,192,127876,1,0,0:0:0:0:
192,192,128058,1,0,0:0:0:0:
320,192,128058,1,0,0:0:0:0:
448,192,128058,1,0,0:0:0:0:
448,192,128240,1,0,0:0:0:0:
320,192,128422,1,0,0:0:0:0:
192,192,128422,1,0,0:0:0:0:
64,192,128422,1,0,0:0:0:0:
192,192,128604,1,0,0:0:0:0:
448,192,128785,1,0,0:0:0:0:
320,192,128785,1,0,0:0:0:0:
64,192,128785,1,0,0:0:0:0:
448,192,128967,1,0,0:0:0:0:
192,192,129058,1,0,0:0:0:0:
320,192,129149,1,0,0:0:0:0:
448,192,129149,1,0,0:0:0:0:
64,192,129149,1,0,0:0:0:0:
64,192,129331,1,0,0:0:0:0:
320,192,129422,1,0,0:0:0:0:
192,192,129513,1,0,0:0:0:0:
64,192,129513,1,0,0:0:0:0:
448,192,129513,1,0,0:0:0:0:
320,192,129604,1,0,0:0:0:0:
192,192,129695,1,0,0:0:0:0:
64,192,129785,1,0,0:0:0:0:
320,192,129876,1,0,0:0:0:0:
192,192,129967,1,0,0:0:0:0:
448,192,130058,1,0,0:0:0:0:
320,192,130149,1,0,0:0:0:0:
64,192,130240,1,0,0:0:0:0:
192,192,130331,1,0,0:0:0:0:
448,192,130422,1,0,0:0:0:0:
320,192,130513,1,0,0:0:0:0:
192,192,130604,5,0,0:0:0:0:
64,192,130604,1,0,0:0:0:0:
448,192,130604,1,0,0:0:0:0:
192,192,130754,1,0,0:0:0:0:
320,192,130904,1,0,0:0:0:0:
192,192,131054,1,0,0:0:0:0:
64,192,131054,1,0,0:0:0:0:
448,192,131054,1,0,0:0:0:0:
320,192,131354,1,0,0:0:0:0:
448,192,131504,1,0,0:0:0:0:
320,192,131504,1,0,0:0:0:0:
192,192,131504,1,0,0:0:0:0:
192,192,131804,1,0,0:0:0:0:
64,192,131804,1,0,0:0:0:0:
448,192,131804,1,0,0:0:0:0:
448,192,132104,1,0,0:0:0:0:
64,192,132104,1,0,0:0:0:0:
192,192,132104,1,0,0:0:0:0:
192,192,132254,1,0,0:0:0:0:
320,192,132404,1,0,0:0:0:0:
448,192,132554,1,0,0:0:0:0:
192,192,132554,1,0,0:0:0:0:
64,192,132554,1,0,0:0:0:0:
320,192,132854,1,0,0:0:0:0:
448,192,133004,1,0,0:0:0:0:
320,192,133004,1,0,0:0:0:0:
192,192,133004,1,0,0:0:0:0:
64,192,133304,1,0,0:0:0:0:
192,192,133304,1,0,0:0:0:0:
448,192,133304,1,0,0:0:0:0:
192,192,133604,1,0,0:0:0:0:
64,192,133604,1,0,0:0:0:0:
448,192,133604,1,0,0:0:0:0:
192,192,133754,1,0,0:0:0:0:
320,192,133904,1,0,0:0:0:0:
192,192,134054,1,0,0:0:0:0:
64,192,134054,1,0,0:0:0:0:
448,192,134054,1,0,0:0:0:0:
320,192,134354,1,0,0:0:0:0:
192,192,134504,1,0,0:0:0:0:
320,192,134504,1,0,0:0:0:0:
448,192,134504,1,0,0:0:0:0:
192,192,134804,1,0,0:0:0:0:
64,192,134804,1,0,0:0:0:0:
448,192,134804,1,0,0:0:0:0:
448,192,135104,1,0,0:0:0:0:
320,192,135104,1,0,0:0:0:0:
192,192,135104,1,0,0:0:0:0:
